Episode,Reward,Moving_Avg_Window_500
1,0.08261752596162256,0.08261752596162256
2,0.13228526633034104,0.1074513961459818
3,0.0820113402301238,0.09897137750736247
4,0.1558867339581095,0.11320021662004923
5,-0.07224011628722161,0.07611215003859506
6,-0.029922030290737936,0.058439786650372895
7,0.10925875562747756,0.06569963936138785
8,0.06730383669709854,0.06590016402835168
9,-0.20040238261980153,0.03631099217855688
10,0.11012224588054224,0.04369211754875542
11,0.011276271142219256,0.04074522242088849
12,-0.035358598602587256,0.034403237335598844
13,0.07092893901222914,0.03721290669533964
14,-0.011985966177984902,0.03369870149010217
15,-0.2072509356776778,0.017635392345583503
16,-0.07231722674344093,0.012013353652519479
17,0.058258000178910384,0.014733626977601296
18,0.07921736378941166,0.018316056800479652
19,-0.046377748924189374,0.014911119657076019
20,0.1304711979004392,0.020689123569244176
21,-0.03862444714579218,0.017864667820909112
22,0.11115555213294215,0.022105162562365162
23,0.11388611743158568,0.02609563886102692
24,0.10356534854779603,0.029323543431308968
25,0.1055249019878701,0.03237159777357142
26,0.2788919387333196,0.04185314934894634
27,0.18110559295419504,0.04701064726025185
28,-0.26281486145587424,0.03594545052039021
29,0.1494288259708634,0.03985867036350997
30,0.12401047711897073,0.042663730588691995
31,0.10414592568653254,0.04464702720475137
32,-0.2018090539595542,0.03694527466836682
33,-0.099357361723896,0.032814891747389156
34,0.23602687969717465,0.03879171492238284
35,0.08136364937184008,0.04000805590665305
36,-0.11247965041748854,0.03577228628653801
37,-0.08506030617674931,0.032506540544287005
38,-0.1373931392225498,0.02803549633989656
39,0.07555344683039794,0.02925390532683249
40,0.16435628084118534,0.03263146471469131
41,-0.2717097651952294,0.025208507887620073
42,-0.007554421703481886,0.024428438135450984
43,-0.08079876890158058,0.021981293785752573
44,0.06666248034037608,0.02299677529835765
45,0.01615208180910925,0.022844670998596574
46,-0.2686775992578884,0.016507230340846904
47,0.02928712891617022,0.01677914307649208
48,-0.1678524650123382,0.012932651241308116
49,0.14870166526313955,0.015703447445835288
50,-0.12693849187120618,0.01285060865949446
51,0.11334594486894303,0.01482110544791502
52,0.08684897133901102,0.016206256715051482
53,0.008423642738268022,0.016059414941904625
54,0.06395323320164628,0.01694633750227021
55,0.07930232320923394,0.018080082696942276
56,0.10434048399688246,0.019620447005869783
57,-0.038557897309751295,0.018599774298578182
58,0.017049583162135184,0.018573046865191234
59,0.13189601901511686,0.020493775206715397
60,-0.2738426626772962,0.015588167908648538
61,-0.1473070876449839,0.012917753883179155
62,-0.027706702105401566,0.012262520722073013
63,-0.16787594986072712,0.009403179919171424
64,0.08805091397063518,0.010632050763725545
65,-0.1263829606326481,0.008524127511473642
66,-0.20427296347285792,0.005299929163226195
67,-0.16107947130554792,0.0028166545293638948
68,0.19808066322118886,0.005688184068949557
69,0.03315185330078028,0.006086208260715219
70,-0.03731434584896565,0.005466200344862635
71,0.218912976389979,0.008472492965216388
72,0.06992318771462998,0.00932597483673602
73,-0.28494414516703276,0.005294877302437818
74,-0.30742340681686414,0.0010689545440688722
75,0.031628453555858124,0.0014764145308927288
76,-0.16633980061212805,-0.0007316935630943867
77,0.1374981549375489,0.0010634992745763054
78,0.05296389353822874,0.0017288889446231315
79,0.21642400146624752,0.004446548596795592
80,0.29068981790996623,0.008024589463210224
81,0.21823156669958396,0.01061973733032595
82,0.10667707587747705,0.011791168288218037
83,0.014959628142010815,0.011829342503323974
84,0.20995630891650066,0.014187996865385601
85,0.09261524113271212,0.015110670327354149
86,-0.17753377298290215,0.01287061866095582
87,0.13991225700426224,0.014330867377545548
88,-0.01593386217460574,0.013986949996271102
89,0.21038337710969116,0.016193651424511776
90,0.07849941862580669,0.016885937726748387
91,0.0004714112845061562,0.016705558315295174
92,-0.258082343338477,0.013718733297319392
93,0.07129386490405949,0.014337820733951005
94,0.09611373881858683,0.01520777730931947
95,0.16069069224979135,0.016739176413956017
96,-0.017351573382138462,0.016384064436913367
97,0.15915741688158022,0.017855954668301685
98,-0.1008199039860229,0.01664497651876776
99,0.1384632204961226,0.017875463831670334
100,-0.0872466762428986,0.016824242430924646
101,0.12846227971188376,0.01792956953271632
102,0.14573922498906566,0.019182605370523666
103,-0.2073532905603141,0.016983227740127182
104,0.018989042784710086,0.017002514423248172
105,-0.062365326375573495,0.016246630225164156
106,-0.1262239245785199,0.014902568387393553
107,-0.029286637014672722,0.014489585159336857
108,-0.08842654407546474,0.013536658036792397
109,0.030713775103209984,0.013694246266759533
110,0.10352172092942999,0.014510859672783809
111,-0.39338319144624445,0.010836138491531302
112,0.12174757932445815,0.011826419213253864
113,0.19293338898566828,0.013429135759912397
114,0.0441387086976154,0.013698517978664178
115,0.21421180681524876,0.01544211179463448
116,-0.026303367134260527,0.015082236976281936
117,-0.19743143315719341,0.013265880821294969
118,0.13149622663848373,0.014267832904491481
119,-0.04748729960921885,0.013748882211098958
120,0.11666016450238025,0.01460647623019297
121,0.16585142526550498,0.01585643448668315
122,0.18523730388931517,0.017244802268671935
123,0.24957266982572898,0.019133646720355328
124,0.05091042329126777,0.019389911047540107
125,0.2532136623711469,0.021260501058128958
126,0.040857789891768026,0.021416035096491176
127,0.015169629690733426,0.02136685080195765
128,0.046184053444767996,0.021560735197604607
129,-0.12970802211489946,0.02038810917192628
130,-0.20436092153694768,0.018659270474165712
131,0.15255385536961735,0.019681366542069922
132,-0.04739014203437584,0.019173249052854422
133,0.0510996024109485,0.019413296822464152
134,0.24013029787134238,0.02106043862133638
135,0.10534404338801556,0.021684761619608077
136,-0.08074883447297203,0.02093157341304499
137,0.17565289082917263,0.022060926094914533
138,0.06398212014748954,0.022364702863411454
139,0.24815906816207103,0.023989122757646412
140,0.16995557812152862,0.025031740295959858
141,-0.12121747847507158,0.02399451179403765
142,-0.300348796366936,0.02171040399008713
143,0.2742308015080929,0.02347628089580745
144,0.21851084008454438,0.024830687556840345
145,0.1199163842124412,0.025486450982051385
146,0.12196316796325529,0.026147250413429496
147,0.11811026374765884,0.026772849143594322
148,-0.19208315264274714,0.02529409237476769
149,-0.0547879300307927,0.024756629137146477
150,-0.20477729671009978,0.023226402964831503
151,-0.18122339674375326,0.021872430781330943
152,-0.38775419333589534,0.01917751878055972
153,0.032875418419671246,0.019267047536370905
154,0.1488519464428542,0.020108507918880532
155,0.136509962318602,0.02085948504404003
156,0.23387163547168116,0.02222494754678132
157,-0.04971120547698792,0.02176675548930508
158,-0.08026654205534306,0.021120975125098446
159,-0.03629098869087475,0.020759893591664653
160,0.1539235672846742,0.02159216655224596
161,-0.3283785333863266,0.01941843549672688
162,-0.16973746778885762,0.018250806464099815
163,0.1992771070411057,0.01936139726518574
164,0.07523388229159841,0.019702083149493135
165,-0.09520685859927439,0.019005665320712725
166,0.041947272324104334,0.019143867772540384
167,0.0247378085451899,0.019177364423873616
168,0.18030260024657388,0.020136443208532546
169,-0.1085182791249203,0.019375172662180754
170,-0.06828559807301585,0.01885952106962077
171,0.038832947157550604,0.018976324730953696
172,0.1086541091382282,0.019497707198437852
173,0.07088308451913346,0.019794732500869616
174,0.16440013350947014,0.02062579802390755
175,0.16811422874589263,0.02146858905660461
176,-0.012385598543663147,0.021276235717966722
177,-0.12003289263048822,0.02047787906063082
178,0.22138927186734422,0.021606594750556176
179,-0.05661525742528842,0.021169601162981624
180,0.060337356687811726,0.021387199804786237
181,0.07366583967146537,0.02167603206924303
182,0.2551922011979434,0.022959087943576546
183,-0.1047141573610818,0.022261419936447265
184,0.11722190804230075,0.022777509545718208
185,-0.04438998466570967,0.02241444200944022
186,0.1403295032608048,0.02304839395165186
187,0.043120676616445766,0.023155732361624017
188,0.10666832363534091,0.023599948272654426
189,-0.2217324853767664,0.022301893068160137
190,0.08552669081821311,0.02263465516158147
191,-0.2793463090405741,0.021053602992983794
192,0.1348280997451801,0.021646178496901484
193,0.13284914983910612,0.022222359695565755
194,0.17942475985140757,0.023032681345853602
195,0.0783680718953721,0.02331645257944088
196,0.09068034538976519,0.023660145910105793
197,0.06283959458476845,0.023859026360230986
198,0.11908209613660511,0.024339950955061158
199,-0.040599575745080524,0.02401362167516095
200,-0.1274744583003085,0.023256181275283602
201,0.07537558788709159,0.023515481805690606
202,-0.07248907478897568,0.023040211723538796
203,0.15401182716720718,0.02368539209518248
204,-0.0016669387517473679,0.023561115963579883
205,0.11552192781855987,0.024009705289701738
206,0.13648799090604732,0.024555716384926714
207,-0.2099966296444229,0.02342261326401198
208,-0.21567341762306366,0.022273113115516427
209,0.0646240057246866,0.02247574896532107
210,0.1062411179935423,0.022874631674979266
211,-0.025294073684887584,0.022646343971851935
212,-0.02532333294441605,0.022420071910926143
213,-0.0003101224800562061,0.022313357383268947
214,0.008867727881753835,0.022250527338869345
215,0.2801016916851811,0.02344983508001498
216,0.08375991258381923,0.02372904840179185
217,0.17437757908578705,0.02442328126208676
218,0.11511222947986612,0.0248392856117096
219,0.13547855151122098,0.02534448773910463
220,0.043276228237241185,0.025425995650459797
221,-0.08263473957966677,0.024937033047608543
222,0.13699299153240022,0.02544178961735986
223,0.09849988032393128,0.02576940437389157
224,-0.13654401263979238,0.025044790905080484
225,0.014386744996836152,0.02499742181215495
226,0.20686305108501624,0.025802136985928675
227,-0.03278280784713643,0.02554405352851429
228,0.13986639640683268,0.026045467313068317
229,0.19749323119837997,0.02679414750470723
230,0.14287078630998454,0.027298828542991045
231,-0.21977327174442615,0.026229252351270625
232,-0.02199404468289709,0.02602139331233025
233,-0.19906538777069666,0.025055355625278632
234,0.05947824960108898,0.02520246200979064
235,0.15664215272125945,0.0257617798426054
236,0.022548842394349254,0.0257481657008755
237,-0.053736036444792995,0.025412789320514034
238,-0.1336942441799529,0.024744272373033078
239,-0.21076249788939774,0.023758888397039643
240,0.09165872410105674,0.024041804379139716
241,0.1510593872278393,0.024568848291374984
242,0.14426065127560955,0.025063442518582564
243,0.14433407678977456,0.025554268174019568
244,0.038921581926290236,0.025609052246774774
245,0.0960811141972402,0.025896693315960347
246,0.1326946997837094,0.026330831553634127
247,-0.16727228106718844,0.025547013283914195
248,0.1262140101978401,0.025952928594050993
249,-0.1628288060302845,0.025194769017246432
250,0.162563416106606,0.025744243605603873
251,-0.006842444252810589,0.025614416163936882
252,-0.2858820623989896,0.024378319026782412
253,0.03673782906861578,0.02442717084512958
254,-0.1174433566529972,0.023868625461278686
255,0.0748948831220895,0.024068728432497553
256,0.0626989217825262,0.024219627625271103
257,-0.17175305471549573,0.023457088005268117
258,0.16408459758770666,0.024002155871866715
259,-0.17039206818066327,0.023251599022243052
260,-0.13893208806703908,0.022627815610361195
261,0.16668951338851926,0.023179776138246858
262,0.062171377905876846,0.023328599045756897
263,0.10194315595332483,0.023627513710804682
264,0.1283610066964202,0.024024231487265346
265,-0.0897709478261898,0.02359481571627118
266,-0.29615917706275835,0.022392733036650767
267,0.08841362888530054,0.02264000230949215
268,0.07813203070311839,0.022847062116931053
269,0.05938717091774838,0.022982898952621823
270,-0.033408025513025845,0.02277404367682313
271,0.09950721553970392,0.023057191912479517
272,0.11121806449795944,0.02338131276757319
273,-0.19753301495648867,0.02257210277590996
274,0.1378861783470344,0.022992957066315527
275,0.05405609417150051,0.0231059139285162
276,0.04786814965754753,0.02319563217391124
277,0.2465417729573909,0.02400193593125232
278,0.05561542450942773,0.024115653516065903
279,0.05181401232736004,0.02421493078779097
280,-0.162030910268073,0.02354976706973431
281,0.06619592665310288,0.023701532762201816
282,0.1067748467536278,0.02399611898202957
283,-0.08497680376231619,0.023611055650777462
284,0.0742954781647941,0.02378952192723527
285,0.252918367442254,0.024593482788691477
286,0.13792342426265805,0.024989741325313737
287,-0.03056472056399602,0.02479617177169245
288,-0.022772833682545318,0.024631001613865236
289,-0.05318364456666812,0.024361746782790725
290,-0.27374920447639145,0.023333777985345267
291,-0.03648546937910194,0.02312821356141246
292,-0.020750885331977775,0.02297794267479126
293,0.07298537064959233,0.02314861649040492
294,0.04799931714480562,0.023233142683106958
295,0.15575033378157754,0.02368235350038991
296,0.23156802684820857,0.024384669964402812
297,-0.3390997058756848,0.02316081684709612
298,-0.02408823750261023,0.023002262973439384
299,0.020676400781906676,0.022994484170123224
300,0.032963908598330954,0.023027715584883913
301,-0.06268354462065123,0.02274296056758978
302,0.027852377738399714,0.02275987916749312
303,0.10968801504998907,0.023046770705059113
304,-0.12352611222083036,0.02256462306385553
305,0.19731225022100962,0.023137566103715052
306,-0.15078352889066,0.022569196512230168
307,0.026884421336662512,0.022583252619150142
308,-0.07514695053909919,0.02226594676474024
309,0.07531415456992156,0.022437623812653452
310,-0.23844916090733234,0.021596053539363176
311,-0.007844643955709357,0.021501388917192523
312,-0.3414726157493078,0.020338010697107587
313,0.1737140832725396,0.020828030098307047
314,-0.010473983375688833,0.020728342157307064
315,-0.24840590552865813,0.01987394772020876
316,0.06065112294644638,0.02000298941396268
317,-0.1760086547343952,0.019384656151665017
318,0.0763775428797124,0.01956387906590416
319,-0.006105217050711102,0.019483411679958658
320,-0.16511267512247835,0.018906548908701044
321,-0.15603972472651725,0.01836154494099008
322,-0.058505119555453546,0.018122828591622245
323,0.1027017327595187,0.018384682784092513
324,0.07016512563263151,0.018544498965723806
325,0.06243182713785068,0.018679536898561118
326,0.08642149467061619,0.018887334315039812
327,-0.3017233091205736,0.017906873631750475
328,0.07124982099115602,0.018069504568821837
329,0.1265738206438611,0.018399304921633507
330,0.2645701392053315,0.019145277146735622
331,-0.13467512528915215,0.018680562939980674
332,0.23045715778923812,0.019318444249767593
333,0.06672389744069146,0.019460802968058657
334,0.028421420808691963,0.0194876311651863
335,0.05279423467592419,0.019587053862233278
336,0.12279631558126436,0.01989422428401611
337,0.1748858915662956,0.020354140210669756
338,0.11802113341367379,0.020643095811862078
339,0.03427516390240709,0.02068330840209967
340,-0.19175884376301422,0.020058478542790515
341,0.10095041838288922,0.02029569830771749
342,0.11802179172226762,0.020581447118871145
343,-0.03245695369609076,0.020426816212705076
344,-0.05212405538882425,0.020215912516189004
345,-0.1548241724049429,0.019708549951200215
346,-0.024629979294775027,0.01958040391291705
347,-0.0831785408209965,0.01928426862549943
348,-0.3363966892012287,0.018262196907606533
349,-0.015267831408008874,0.01816612232790563
350,-0.19997786075527288,0.017542853804810837
351,0.13832283296944464,0.017886956309553382
352,-0.1774847721440162,0.01733192299008301
353,0.11239916833930952,0.017601235299854193
354,0.08171828377164464,0.017782356905706707
355,0.09025143258810042,0.017986495147065563
356,0.16265146300213884,0.018392857416321386
357,-0.17609022506146518,0.017848086877167924
358,0.16017842224559214,0.018245657646353466
359,-0.36681628911899383,0.017173061694360853
360,-0.0025136889519358063,0.01711837627589892
361,0.11749842842525088,0.017396437362185213
362,-0.01714196874733752,0.017301027400556696
363,0.2823772745637165,0.018031264996047496
364,0.09704029409543832,0.01824832276829857
365,-0.07955334285734655,0.017980372999461185
366,0.01290332900541294,0.017966501294559414
367,-0.2878601920219443,0.01713318605391499
368,0.1258715244881771,0.017428670669225484
369,-0.12142989887536383,0.017052360182654783
370,0.08431733712519579,0.01723415741763462
371,0.1792702830301807,0.017670912473194047
372,0.2925460507176963,0.018409824135141632
373,-0.09147835709179732,0.018115217751155203
374,0.08675935310104144,0.018298758220005165
375,-0.22493005314856662,0.01765014805635564
376,0.07461161247328829,0.017801641312783653
377,0.028720804791706047,0.017830604611136232
378,-0.277488497218713,0.017049337145977898
379,0.17603925009966775,0.017468835597043045
380,-0.017268863675765852,0.017377420598956705
381,0.16629080857991602,0.017768269386308305
382,0.1015464713891078,0.0179875840512371
383,-0.17020871576054616,0.017496209900292495
384,-0.02590412037809556,0.017383188206859194
385,0.09945120442263498,0.017596351885341727
386,-0.09060609553121035,0.017316034664055322
387,-0.16415346336833464,0.016847121232447082
388,-0.27920228760872623,0.01608410729213478
389,-0.0982837488449273,0.015790102520574206
390,0.11927073179706055,0.01605543746743699
391,0.14633101016234443,0.016388623075352358
392,-0.15381208735998997,0.015954437589547912
393,-0.03866728492741062,0.01581545101825794
394,-0.19400741387343998,0.015282905675893224
395,-0.22318427969001,0.014679191282561826
396,-0.22304086550282537,0.014078888108861353
397,0.03417707482164335,0.014129513264309166
398,0.06816006596640299,0.014265268421852117
399,0.12321013068922936,0.014538313189439527
400,0.24518071920343057,0.015114919204474504
401,-0.014361169404720285,0.01504141274908998
402,0.1479587962700881,0.0153720530066049
403,-0.018265924402172957,0.01528858408003225
404,0.13579098950500634,0.015586857360787137
405,0.09190282890526762,0.01577529185842783
406,0.033107435464464895,0.015817981867309695
407,0.0018173012901927191,0.015783582160732012
408,-0.06355796295311406,0.015589117589374545
409,-0.3370625141376157,0.014726888660946695
410,-0.11325479367971003,0.014414738216213386
411,0.13489599790583165,0.014707879967283018
412,-0.05763624477185055,0.014532287431508422
413,-0.04788708724842545,0.014381150931072747
414,-0.18481558734378073,0.013899999389346046
415,-0.1760512296228935,0.013442285584497277
416,0.09580587591892151,0.013640274984339644
417,-0.12394830836617203,0.013310326343211318
418,0.187885452054845,0.013727970184626709
419,-0.26868473062556886,0.013053954192239607
420,-0.22399411887920023,0.01248955401825999
421,-0.351005142934145,0.011626146187019123
422,0.1298382156095799,0.011906269574276374
423,-0.028739457200242288,0.011810180385684132
424,-0.012500929760544996,0.011752842861754346
425,0.05304504141396531,0.011850000975994843
426,-0.12676007443582196,0.01152462521211734
427,0.11407576849326287,0.011764791824016976
428,-0.11090164603139888,0.011478187997251988
429,0.06940926661441713,0.011613225476546078
430,-0.2715777280387263,0.010954641863719862
431,0.18500974745543633,0.011358482015904819
432,-0.07080965532198509,0.011168277994289334
433,0.0288465040305127,0.011209105306151282
434,-0.24696344277205368,0.010614237683851271
435,0.16715770065470847,0.010974107713669332
436,0.2265991000356855,0.011468660448352857
437,-0.25114525842718216,0.010867713265571313
438,-0.16531250801868658,0.010465475317433736
439,-0.21465855268112602,0.009952664319714923
440,0.19760558943042408,0.010379148240421078
441,-0.20444813746971227,0.009892011538130527
442,-0.0626188291739304,0.009727959862311385
443,-0.19279790026520144,0.0092707908778249
444,0.06320597642519543,0.00939226652094961
445,-0.18304578860893642,0.008959821453242
446,0.12104577531360693,0.009211135251135195
447,0.15061052854144777,0.009527464990039697
448,0.21900918203613998,0.00999505810844617
449,0.09983563630152437,0.010195148483041
450,-0.0701675777702599,0.010016564646922552
451,-0.11268324107271158,0.009744502993442213
452,0.020748634754926498,0.009768848417693283
453,-0.07802965572237018,0.009575032735264886
454,-0.04120768433784085,0.009463176530258046
455,-0.17220505860856505,0.009063905683799094
456,0.1306899416374464,0.009330629446855337
457,0.22017293197162024,0.009791991159163358
458,0.1704253737682104,0.010142719068790098
459,-0.03949873798852415,0.010034567746225142
460,-0.1222784810793329,0.009746930683560886
461,0.04419051228986771,0.009821645611123375
462,0.21799473072220266,0.0102722367044374
463,0.1746474574664679,0.010627258779517378
464,0.2447760242154886,0.011131889739508696
465,0.059652565434972535,0.011236235278638726
466,-0.1243757419539005,0.010945222451959457
467,0.19195129153289303,0.011332815747635974
468,-0.01928256899231243,0.011267398258875398
469,0.22513233710260516,0.011723400260674397
470,-0.14309040541721277,0.011394009184764
471,-0.15550317162524468,0.011039662728691793
472,0.10080850994872874,0.011229850964327466
473,-0.23224945437755476,0.010715095561913338
474,0.07842537076936212,0.010857944243785592
475,0.10485653630935149,0.011055836016555206
476,0.07791029350508946,0.011196286557497503
477,-0.2451614001832525,0.010658849059089223
478,0.1407527173042747,0.010931011963367853
479,-0.10029979451059674,0.010698797336073564
480,-0.2828104876038362,0.01008731965911542
481,-0.12699395723196427,0.009802327399466605
482,0.24673830083224005,0.010293895809078168
483,-0.0984770716801964,0.010068697118624183
484,0.11218083301257122,0.010279672606008372
485,-0.06324312997541616,0.010128079198623992
486,0.19063893649582367,0.010499500715696417
487,0.014441094460175325,0.010507594337348325
488,-0.09885635202911827,0.010283487889876057
489,0.21862095673246404,0.010709535883419182
490,-0.11600201730506311,0.010450940876912077
491,0.27991555401155266,0.010999748642970408
492,0.04753055283683489,0.011073998244990457
493,-0.39560864408950525,0.010249084163176065
494,-0.03924779867070961,0.01014888804407913
495,0.11543036152667169,0.010361577889498508
496,0.10928385054346075,0.010561017955333108
497,-0.0709625154459462,0.01039698670100458
498,-0.07565915097282322,0.010224183211699706
499,0.1811375663253244,0.010566695001506568
500,0.046534727690506615,0.010638631066884568
501,-0.0662286536115405,0.01034093870773824
502,0.1529232307401443,0.010382214636557847
503,-0.240722386301631,0.009736747183494337
504,0.104105824196755,0.00963318536397163
505,-0.3475815652301173,0.009082502466085838
506,0.16862212833065687,0.009479590783328629
507,0.11269164785660285,0.009486456567786877
508,0.1023013589790295,0.009556451612350742
509,-0.31128647031267104,0.009334683436965
510,0.11681124885238064,0.009348061442908678
511,0.09901619503528819,0.009523541290694815
512,-0.3402328269833567,0.008913792833933277
513,-0.16254559926508233,0.008446843757378655
514,-0.11763383924964291,0.008235548011235338
515,0.08932820672945618,0.008828706296049607
516,0.08720372676490867,0.009147748203066306
517,0.06861856861930177,0.009168469339947088
518,-0.17755143148445612,0.008654931749399353
519,0.21418427169088156,0.009176055790629495
520,0.15683429295882276,0.009228781980746262
521,-0.16085489221824645,0.008984321090601353
522,-0.0903565349310528,0.008581296916473363
523,0.06159981718950533,0.008476724315989203
524,0.22002668497768701,0.008709646988848985
525,0.1395005024755823,0.008777598189824407
526,-0.1825975114583239,0.007854619289441122
527,0.13568187167150364,0.007763771846875739
528,-0.00200432329750754,0.008285392923192473
529,0.07922277046348689,0.008144980812177719
530,0.10892543341706717,0.008114810724773913
531,0.05996767547133609,0.008026454224343518
532,-0.2105405881168447,0.00800899115602894
533,-0.10118333350247641,0.008005339212471778
534,0.08934216331334183,0.007711969779704113
535,0.12693398067868622,0.007803110442317804
536,0.06714103754520596,0.008162351818243194
537,0.14036734429543582,0.008613207119187564
538,0.36068303281173364,0.00960935946325613
539,0.027997353510983567,0.009514247276617302
540,0.023908195327879127,0.00923335110559069
541,-0.023801434655274744,0.009729167766670597
542,-0.12525905461030665,0.009493758500856948
543,-0.04613416027264013,0.009563087718114831
544,0.010154964603160264,0.009450072686640398
545,0.09823646085790194,0.009614241444737983
546,-0.03367071628979659,0.01008425521067417
547,-0.005237135422633873,0.01001520668199656
548,-0.04963774877266454,0.010251636114475906
549,0.1753361605261628,0.010304905105001951
550,0.06237099198005413,0.010683524072704474
551,0.19744742541557492,0.010851727033797736
552,-0.06122237899715567,0.010555584333125404
553,-0.1665466209001854,0.010205643805848498
554,0.04313595243785606,0.010164009244320916
555,-0.12391317087272248,0.009757578256157003
556,0.1112926081287119,0.009771482504420663
557,-0.14731045837251483,0.009553977382295136
558,0.1173049504410985,0.009754488116853062
559,0.24106662900828268,0.009972829336839394
560,-0.059810932784348306,0.01040089279662529
561,-0.1630232326600854,0.010369460506595086
562,0.11729672591168787,0.010659467362629264
563,-0.07414044078399182,0.010846938380782737
564,0.28250983985062905,0.011235856232542725
565,-0.14499017902417446,0.01119864179575967
566,-0.17777441497649615,0.011251638892752394
567,-0.2697644627663902,0.011034268909830709
568,0.02122433644178801,0.010680556256271909
569,0.059637196516052426,0.010733526942702453
570,0.14108661441485132,0.011090328863230088
571,-0.08963884181463465,0.01047322522682086
572,0.11322411730244393,0.010559827085996489
573,0.08197883375886585,0.011293673043848285
574,-0.19748981255077402,0.011513540232380465
575,-0.14687426006903712,0.011156534805130675
576,0.14707318944337966,0.011783360785241689
577,0.0404752611275184,0.011589314997621628
578,-0.053520464557790866,0.01137634628142959
579,-0.19966171982604033,0.010544174838845014
580,0.1284684251246182,0.010219732053274318
581,-0.29616369442906415,0.009190941531017021
582,-0.1373438193507281,0.008702899740560611
583,-0.18028860313988884,0.008312403277996813
584,-0.030209332417186457,0.007832071995329438
585,0.16161445476593544,0.007970070422595883
586,0.23524583695654427,0.008795629642474777
587,-0.08339370054434181,0.008349017727377568
588,0.2311921651664631,0.008843269782059708
589,0.09296697245900604,0.008608436972758336
590,-0.14119238822889962,0.008169053359048923
591,-0.014128317758533534,0.008139853900962845
592,0.20490846700825344,0.009065835521656306
593,-0.10298227871302482,0.008717283234422137
594,0.14230275855945845,0.008809661273903879
595,0.09463058597126553,0.008677541061346827
596,0.055386541004622494,0.00882301729012035
597,-0.08185490799573,0.00834099264036573
598,-0.029033435278845998,0.008484565577780085
599,0.19757351138150187,0.008602786159550842
600,0.01810848048154562,0.00881349647299973
601,0.13523494651824156,0.008827041806612446
602,0.007562595563271145,0.008550688547760857
603,-0.200960078979314,0.008563474970922856
604,-0.34817866621575955,0.007829139552921919
605,0.1768572512302179,0.008307584708133501
606,0.21362644642322742,0.008987285450136996
607,-0.01852798582397691,0.009008802752518388
608,0.09063157658829107,0.009366918993845898
609,-0.1180540414119513,0.009069383360815577
610,0.15629475287280747,0.009174929424702332
611,-0.06969688460936939,0.00982230203837608
612,-0.24044020551886547,0.009097926468689434
613,-0.0899230396529714,0.008532213611412154
614,0.00847528941367997,0.008460886772844282
615,0.10876694115293607,0.00824999704151966
616,-0.05000540074185023,0.00820259297430448
617,-0.30460670007995955,0.007988242440458947
618,0.126505453334038,0.007978260893850056
619,-0.14701171377531502,0.007779212065517863
620,-0.14267066193246683,0.007260550412648168
621,0.05580971902497353,0.007040467000167106
622,0.1411798512714968,0.006952352094931469
623,0.11159070657212379,0.006676388168424259
624,-0.22735660011854691,0.006119854121604628
625,-0.21860501432767943,0.005176216768206976
626,-0.08530457323645729,0.004923892041950526
627,0.11651470053459749,0.005126582183638255
628,-0.09065154981354245,0.004852910977121633
629,0.1191921927793664,0.005350711406910165
630,-0.2547061102884604,0.00525002102940714
631,-0.12197895106195376,0.004700955416543998
632,-0.27039912826764123,0.004254937444077467
633,0.025522570597378048,0.004203783380450326
634,0.21325958797061492,0.004150041960648871
635,0.03780864979872237,0.004014971173470284
636,0.10098173236555465,0.004378432307147337
637,-0.0057533130457743525,0.0040156198993974435
638,-0.0967615573386131,0.003694132544425239
639,-0.0954411756856339,0.0030069320567298287
640,0.12199577452787193,0.0029110124495425153
641,0.1337738943709918,0.0034209951952346423
642,-0.26137513444064614,0.0034989425190872217
643,0.1781546036129169,0.00330679012329687
644,0.18236787151818382,0.003234504186164149
645,-0.020617135522099865,0.002953437146695067
646,-0.17869297116637586,0.002352124868435804
647,0.06760980155046283,0.002251123944041412
648,0.09953775017541713,0.0028343657496777406
649,-0.2630658153102358,0.0024178099791188545
650,-0.007244176926692691,0.0028128762186856683
651,-0.14586660578949187,0.0028835898005941914
652,-0.14240546005647897,0.003374287267153024
653,0.034068407260004416,0.0033766732448336904
654,0.1240520233476268,0.003327073398643236
655,-0.1802673418933075,0.002693518790219417
656,0.13827202899408747,0.0025023195772642293
657,-0.3424126953155518,0.0019169165975871016
658,-0.09085166858384869,0.0018957463445300905
659,0.13645509685215443,0.002241238515616149
660,-0.18808197206785426,0.001557227436911092
661,0.03583844431096071,0.0022856613923056663
662,-0.25226578180190196,0.0021206047642795775
663,-0.026854981995677926,0.0016683405862060105
664,-0.045074482258687446,0.0014277238571054388
665,-0.11030928217471396,0.0013975190099545596
666,0.12169329285983392,0.0015570110510260188
667,0.091869221676087,0.0016912738772878128
668,-0.36907670516512264,0.00059251526646442
669,-0.30142816604283723,0.0002066954926285862
670,0.14687122076262382,0.0006370091302998655
671,0.01304394573923339,0.0005854311274632311
672,-0.0035891341883790805,0.0003609446408100165
673,-0.12352004356305188,-2.7861615354354135e-05
674,-0.13682989506631454,-0.0006303216725059235
675,0.011892802673844148,-0.0009427645246500206
676,-0.08903304952591856,-0.0010960594266145314
677,0.08232840124599483,-0.0006913368388615652
678,-0.22121780928055246,-0.0015765510011573588
679,-0.25142073442808105,-0.001966161955162944
680,-0.21067198767960438,-0.002508180643897776
681,0.10295945518540359,-0.0024495934128698996
682,0.11962684636329621,-0.002720724122539194
683,0.12209684087471072,-0.002267102126067609
684,-0.10465365418259347,-0.0027108532505173972
685,-0.19092285695494213,-0.0030039189950958624
686,-0.1458807422178784,-0.003576339486053229
687,0.17910496378639754,-0.003304370911713325
688,-0.25350738359791414,-0.004024722326179835
689,0.05950033641408711,-0.0034622566825981277
690,-0.004763833870270186,-0.003642837731975095
691,-0.06824101610621922,-0.0032206271461063846
692,-0.14104959764488298,-0.003772382540886511
693,-0.10683704356436802,-0.00425175492769346
694,0.10615631314041733,-0.00439829182111544
695,0.02486715022954796,-0.004505293664447088
696,0.012499119368215197,-0.004661656116490188
697,-0.2748712426282073,-0.00533707779091614
698,0.03467764907168698,-0.0055058866850459754
699,0.0718998675320515,-0.005280887798491712
700,0.18988523270478372,-0.004646168416481527
701,0.20530379072664454,-0.004386312010802421
702,-0.04981735857113034,-0.004340968578366731
703,0.1307482599474457,-0.004387495712806253
704,0.015074079168933528,-0.0043540136769648925
705,0.0453318376000977,-0.0044943938574018155
706,0.08000349343750443,-0.004607362852338902
707,0.1222199571368644,-0.003942929678776327
708,-0.17380035924670661,-0.0038591835620236134
709,0.0031477457490553347,-0.0039821360819748755
710,0.0496819555699812,-0.004095254406821998
711,-0.0239127408551271,-0.004092491741162477
712,0.06740391755481191,-0.003907037240164021
713,-0.19366053033726294,-0.004293738055878435
714,-0.014922887551746731,-0.004341319286745436
715,-0.030924986259472667,-0.004963372642634743
716,-0.13159808149495195,-0.005394088630792286
717,-0.22295116003180224,-0.006188746109027464
718,-0.0802948839819476,-0.0065795603359510915
719,0.08345122709917488,-0.006683614984775184
720,-0.0124046215690705,-0.006794976684387808
721,0.08229729158705475,-0.006465112622054364
722,0.13317035466963262,-0.006472757895779899
723,0.20008739774818912,-0.006269582860931384
724,0.06859721689929897,-0.005859300401853201
725,0.04560303506650683,-0.005796867821713859
726,0.12015454503136633,-0.005970284833821159
727,0.14585887558181632,-0.005613001466963255
728,0.164351122980596,-0.005564032013815727
729,0.14982245134166342,-0.0056593735735291605
730,0.11250572016363988,-0.00572010370582185
731,-0.21779607365921477,-0.005716149309651427
732,0.04110809328251729,-0.005589945033720598
733,0.025722617267682622,-0.005140369023643839
734,-0.030287334592722766,-0.0053199001920314634
735,0.09113093182972218,-0.005450922633814537
736,-0.19558331297398876,-0.005887186944551214
737,0.061482753297877286,-0.005656749365065873
738,0.15371958923124696,-0.005081921698243473
739,0.17466653056555692,-0.004311063641333564
740,0.18002752258224336,-0.0041343260443711905
741,-0.07380203060580796,-0.004584048880038485
742,0.09814492161549739,-0.004676280339358709
743,0.1332984246164233,-0.004698351643705413
744,0.09263091393407105,-0.004590932979689852
745,-0.13696845943056882,-0.005057032126945468
746,0.038367921262616976,-0.005245685683987654
747,0.044359467923088106,-0.0048224221860071
748,0.05282146981249402,-0.004969207266777792
749,0.04548969555130011,-0.004552570263614624
750,0.19700991146990315,-0.00448367727288803
751,0.07869093406052682,-0.004312610516261354
752,0.0863551824714022,-0.0035681360265205704
753,-0.26636312141206614,-0.004174337927481934
754,-0.0868606876091266,-0.004113172589394193
755,0.12246904383725482,-0.004018024267963863
756,-0.020059691393961902,-0.004183541494316839
757,-0.029386610483604386,-0.003898808605853056
758,0.06972270341199208,-0.0040875323942044855
759,0.08849797167083248,-0.0035697523145014937
760,0.10033737187420338,-0.0030912133946190087
761,-0.14408073159122128,-0.0037127538845784904
762,0.09733627916439949,-0.003642424082061445
763,0.1922396490959843,-0.0034618310957761256
764,0.24405395470140406,-0.003230445199766158
765,0.11681555259915995,-0.0028172721989154583
766,0.17199613174703224,-0.0018809615812958773
767,-0.01475692843377554,-0.0020873026959340297
768,0.14999880620899594,-0.0019435691449222743
769,-0.17574276774510594,-0.002413829022247983
770,0.09501478094568551,-0.00215698340933056
771,-0.18663340211611124,-0.0027292646446421902
772,-0.040880824654588824,-0.0030334624229472872
773,-0.1558695657366407,-0.0029501355245075914
774,-0.21731112222244905,-0.003660530125646558
775,-0.24263991697699663,-0.004253922147943553
776,-0.24180607708005586,-0.004833270601418759
777,-0.0967906756109789,-0.005519935498555498
778,-0.04176741359292231,-0.005714701174760199
779,-0.20459978532691853,-0.006227528770068756
780,0.06800373165743015,-0.005767459486217749
781,0.02038415128932925,-0.005859083036945298
782,0.08255318731203248,-0.005907526355828488
783,0.10113895700120315,-0.005535294834301449
784,-0.16509218404352186,-0.006014070158718081
785,0.1586680733618635,-0.006202570746878862
786,0.0627741725229723,-0.006352869250358233
787,-0.1701153146427794,-0.006631970438515799
788,-0.17388969704410384,-0.006934204165238917
789,0.13694421262846673,-0.006553948450848647
790,0.13185974394026267,-0.005742730554015339
791,-0.12812577002675907,-0.005926011155310653
792,0.09090032510563034,-0.005702708734435437
793,0.04338167861383281,-0.005761916118506957
794,0.14184526483659782,-0.005574224223123371
795,-0.23180418491632077,-0.006349333260519168
796,-0.15708444066421218,-0.00712663819554401
797,0.1619558318693046,-0.006124527120054031
798,-0.1808604535006022,-0.006438071552050015
799,-0.15719975363628397,-0.006793823860886397
800,0.10586092412689624,-0.006648029829829266
801,0.11376473675887287,-0.006295133267070218
802,0.0704563506632368,-0.006209925321220543
803,0.1755877942148319,-0.006078125762890858
804,-0.058465998544028945,-0.005948005535537255
805,-0.26664078861562346,-0.006875911613210521
806,-0.08189426330187821,-0.006738133082032958
807,-0.14930883634335942,-0.007090519597393001
808,0.1811329348900318,-0.0065779598265347395
809,0.17512790862099528,-0.0063783323184325915
810,0.06314487643606813,-0.005775144243745791
811,-0.1249075010511883,-0.006009269957936749
812,0.15807645961046587,-0.005010171807217202
813,0.15287565584305224,-0.005051848662076176
814,0.021210239559364602,-0.004988480216206069
815,-0.3750169451471169,-0.005241702295442988
816,0.2317105205160234,-0.004899583500303834
817,0.21393732182404,-0.004119691547186962
818,-0.005028248802176773,-0.004282503130550741
819,-0.15455152170255404,-0.004579395739854428
820,0.2298154494565151,-0.00378953949069644
821,0.1453664625331583,-0.0031867271161770887
822,0.13954521716020557,-0.0027906264427457706
823,0.14908842706289735,-0.0026978530541390136
824,0.02125425386992663,-0.002795674797664423
825,-0.05475835572209664,-0.003030055163384318
826,0.13123008463226643,-0.0029404379834610172
827,-0.1888463491227102,-0.0027146840634652905
828,0.13560098368072843,-0.002585981738086146
829,-0.1714987059535734,-0.0031821267912810146
830,-0.20503518838099458,-0.0041213374464536675
831,-0.16536826511950625,-0.004182723726114375
832,0.14842866562350857,-0.004346780710445834
833,0.10696048772071592,-0.004266307529885785
834,-0.17533357593402304,-0.0046738175233712155
835,0.08648695400816671,-0.00460643208470673
836,0.02148700745782637,-0.004809050700953606
837,0.07612860851428267,-0.005006565267057632
838,-0.04116067582656026,-0.0053249288855381
839,0.09802787580026383,-0.005197423461742387
840,0.01214338332932952,-0.004789619007557699
841,0.05971482044021631,-0.004872090203443045
842,0.06683920325358655,-0.004974455380380407
843,0.10382759541385544,-0.004701886282160514
844,0.10808715615988203,-0.004381463859063101
845,-0.2214456132979875,-0.004514706740849191
846,-0.07071014966008048,-0.004606867081579802
847,0.10130815940124713,-0.004237893681135315
848,-0.09783296013074165,-0.0037607662229943405
849,-0.15994538666224212,-0.004050121333502807
850,-0.13932145239327015,-0.003928808516778802
851,-0.09813819893273518,-0.004401730580583162
852,-0.1545866243351622,-0.004355934284965454
853,0.17245911184505225,-0.004235814397953968
854,-0.2029023636362531,-0.004805055692769764
855,0.04660221809303575,-0.004892354121759893
856,0.047858428432808096,-0.005121940190898554
857,0.053594271218891765,-0.00466257119833784
858,-0.04740564455889128,-0.005077739331946808
859,0.057229823046387414,-0.004229647107616045
860,0.07297260293573354,-0.004078674523840706
861,0.12223173845009087,-0.004069207903791026
862,-0.1270914240825951,-0.004289106814461542
863,0.12039461489641566,-0.004613072133796143
864,-0.1772648642913487,-0.005161682450569717
865,0.12586651356251213,-0.004750842737729999
866,-0.2548364221492323,-0.00528632224003929
867,-0.12031490399899303,-0.0049512316639933876
868,0.038174338326188655,-0.005126626036317365
869,0.12877970231305255,-0.004626206833940532
870,-0.19306161532123436,-0.005180964738833392
871,0.09195221792941242,-0.0053556008690349285
872,-0.012058332252564252,-0.0059648096349754496
873,-0.14367432764266794,-0.006069201576077191
874,0.11932399438350963,-0.0060040722935122545
875,-0.015988436792038596,-0.005586189060799198
876,-0.2541328447287584,-0.006243677975203291
877,-0.1888984926604653,-0.006678916570107634
878,-0.1728032747365689,-0.006469546125143347
879,0.06062697833957374,-0.006700370668663535
880,-0.04242730562814237,-0.006750687552568287
881,0.06359344044802974,-0.0069560822888320595
882,0.06552448374793908,-0.007028126264114398
883,0.14571791924772542,-0.006396272994097853
884,-0.2018301415455706,-0.006748125036432805
885,0.019079778038643108,-0.0069088678892007885
886,0.0017781488274984216,-0.006724099400483369
887,-0.07226997413156068,-0.006540332422009822
888,-0.04731458056686437,-0.006076557007926098
889,0.15629148367505025,-0.005567406542886144
890,-0.026178626659389456,-0.005858305259799044
891,0.193933366390242,-0.005763100547343249
892,0.2652402450898934,-0.004924995882443482
893,0.06929221772659336,-0.004709076877135474
894,0.05826084871841043,-0.004204540351951773
895,-0.003145386318612029,-0.0037644625652089774
896,0.17018037690476018,-0.0029780200803938063
897,0.13232588390059746,-0.002781722462235898
898,-0.30810553619305475,-0.0035342536665548133
899,-0.2854265088475537,-0.00435152694562838
900,-0.15642133971238636,-0.005154731063460013
901,0.010770959684678696,-0.005104466805281215
902,0.09218227538195854,-0.005216019847057474
903,0.2064294581741476,-0.004766629081904833
904,0.26699714836021804,-0.004504216764194409
905,0.19500900207509392,-0.004298004417854758
906,0.05003269206655281,-0.0042641539046505824
907,0.020660461774267752,-0.004226467583682431
908,-0.08696151062644367,-0.00427327467902909
909,-0.018787627262619077,-0.0036367249052790974
910,0.24644501069524696,-0.0029173252965291833
911,0.1139170400162132,-0.0029592832123084205
912,-0.006962031375515196,-0.0028579347855157496
913,-0.17573185810419734,-0.0031136243272272936
914,-0.21170534909790437,-0.0031674038507355407
915,0.27457338213853877,-0.002266154627212676
916,0.0579691109271573,-0.0023418281571962046
917,0.16585102407929986,-0.001762229492305261
918,-0.08510898276118803,-0.002308218361937327
919,0.1142239273454751,-0.0015424010459952392
920,-0.21366541725680235,-0.0015217436427504435
921,0.19544435592672027,-0.0004288446450287128
922,-0.031138081733366584,-0.0007507972397146058
923,0.10745388098339115,-0.0004784105633473389
924,0.026149711469966735,-0.0004011092808863154
925,-0.01071320661481117,-0.0005286257769438684
926,-0.12365910075701275,-0.00052242382958625
927,0.2320555875099523,-0.000286464191552871
928,0.051933535109361065,3.920617072864882e-05
929,0.10042311161772269,0.00010123386073525995
930,0.021542484150899398,0.0006874742851145114
931,-0.06771087112891981,0.00018203304794579912
932,-0.14449353989968283,3.46652787904036e-05
933,0.05989737835680106,9.676702744298035e-05
934,0.06854673946259346,0.0007277873919122746
935,0.18338351545068168,0.000760239021504221
936,0.1833840598688137,0.0006738089411704775
937,-0.2152403763906128,0.0007456187052436162
938,0.07250648180733237,0.001221256684895654
939,0.15756735234339445,0.001965708494944695
940,-0.14152429105585687,0.001287448733972133
941,-0.14278181680474505,0.0014107813753020675
942,-0.3689453740512169,0.0007981282855474944
943,0.039617814055930275,0.001262959714189758
944,0.03686761258280601,0.0012102829865049789
945,0.11220981489527927,0.0018007941935134105
946,0.08398625454946085,0.0017266751519851185
947,0.1912425031829497,0.001807939101268122
948,-0.22124754601035176,0.0009274256451751386
949,-0.0241946655355207,0.0006793650415010485
950,-0.055145752366128176,0.000709408692309312
951,0.16711401133051765,0.0012690031971157704
952,-0.3512136474620108,0.0005250786326818958
953,0.10341904487411613,0.0008879760338748685
954,0.13527274686787147,0.001240936896286293
955,0.10569524339257738,0.001796737500288578
956,0.13723786604703286,0.001809833349107751
957,0.0825652775850511,0.0015346180403346126
958,0.17116462156820933,0.0015360965359346103
959,0.05741061219930636,0.0017299152363102715
960,0.15044189803419877,0.002275355994537335
961,-0.24391599059076857,0.0016991429887760622
962,-0.004924538776427257,0.0012533044497788025
963,-0.004207033237127106,0.0008955954683716126
964,0.1772701325431103,0.0007605836850268559
965,0.18954095102608107,0.0010203604562090728
966,0.22037453623372302,0.00170986101258432
967,0.0857186277663383,0.0014973956850512107
968,0.06702995727314116,0.0016700207375821177
969,-0.17555708029162814,0.0008686419027936512
970,0.027916581018798067,0.0012106558756656727
971,-0.03364470327434589,0.0014543728123674704
972,-0.0018602753630970223,0.0012490352417438189
973,-0.1905423736371414,0.0013324494032246456
974,-0.07635630893902302,0.0010228860438078753
975,0.11365012109903899,0.0010404732133872502
976,0.09673029337715217,0.0010781132131313755
977,0.059060790185764545,0.0016865575938694098
978,0.14473083268512033,0.001694513824631101
979,-0.1897881229319597,0.001515537167788375
980,-0.017842392471828818,0.0020454733580523897
981,0.1815275296817747,0.0026625163318798675
982,0.019954502466858558,0.002208948735149105
983,-0.08026442680571023,0.002245374024898077
984,-0.008318934513117679,0.002004374489846699
985,0.1362369806486968,0.002403334711094925
986,-0.3011877306546648,0.0014196813767939482
987,0.024653187215127017,0.0014401055623038516
988,-0.04921807004011469,0.0015393821262818588
989,0.21316008445459567,0.001528460381726122
990,0.1781667878746882,0.0021167979920856247
991,-0.022652409677211924,0.0015116620647080956
992,0.020181537098321208,0.0014569640332310683
993,0.1491898177610618,0.002546560956932202
994,-0.11872508490378753,0.0023876063844660463
995,-0.1351679101922847,0.0018864098410281338
996,0.08887070018114891,0.00184558354030351
997,-0.2787200359711575,0.0014300684992530875
998,0.05523401573211549,0.0016918548326629649
999,0.1198361851666412,0.0015692520703455984
1000,-0.07012576874798254,0.00133593107746862
1001,0.04166947225962411,0.0015517273292109492
1002,0.00046973159008134157,0.0012468203309108235
1003,0.10778509469312957,0.0019438352929003445
1004,-0.06548334089649448,0.0016046569627138456
1005,0.01349538577034529,0.002326810864714771
1006,-0.26952854706779067,0.0014505095139178757
1007,-0.11845268487002127,0.0009882208484646275
1008,0.18000652895850017,0.0011436311884235688
1009,0.14941097449555102,0.002065026078040013
1010,0.01472041767833062,0.001860844415691913
1011,0.07831386455289654,0.0018194397547271297
1012,0.1545871237922337,0.0028090796562783103
1013,-0.16731996809545382,0.002799530918617567
1014,0.09815894521607924,0.0032311164875490116
1015,0.13785792560414095,0.0033281759252983814
1016,0.0410325189793697,0.003235833509727303
1017,0.09170895514753127,0.0032820142827837623
1018,-0.00928293162692373,0.003618551282498827
1019,-0.14725142495215301,0.002895679889212758
1020,-0.003028256107031467,0.0025759547910810493
1021,0.03707762080224395,0.00297181981712203
1022,0.10892924662702268,0.003370391380238181
1023,-0.25500030850945626,0.0027371911288402583
1024,-0.07122261537448406,0.002154692528135916
1025,0.1338933404988247,0.002143478204182401
1026,0.14692084430625818,0.0028025149157115646
1027,0.02341589597012531,0.0025779829643088085
1028,0.2616383625483367,0.003105268336000497
1029,-0.1321196551724803,0.0026825834847285625
1030,-0.13748717102391786,0.0021897582758465925
1031,0.33866467337381634,0.0027471522716515525
1032,0.07156764377921374,0.0033113687354436694
1033,0.050166431508663685,0.0036140682654659502
1034,0.21485799311678289,0.0038650999250728325
1035,-0.017714689848776208,0.003575802584017907
1036,-0.06850943082375044,0.003304501647279994
1037,-0.18324254677592708,0.0026572818651372687
1038,0.004512392258799577,0.0019449405840314005
1039,0.06865182141797044,0.002026249519845374
1040,0.09496580544748291,0.0021683647400845816
1041,0.04181501193861469,0.0022995976332723603
1042,0.0627389319254896,0.002675593606343953
1043,0.12191212139594237,0.003011686169681118
1044,-0.013914120322916688,0.0029635479998289644
1045,0.08828995033951803,0.002943654978792196
1046,0.12162428144899755,0.003254244974269785
1047,0.08975645998137556,0.0034442321650778036
1048,-0.19580256363825568,0.003151902535346621
1049,0.05417678932099079,0.0029095837929362773
1050,0.1617908164636308,0.0031084234419034304
1051,-0.24883263867838015,0.0022158633137155203
1052,0.005024661014015665,0.0023483573937378628
1053,0.13971804514751726,0.002960886725833268
1054,-0.18616176870098403,0.0025022912835555885
1055,-0.06728174357168089,0.0026155541381576715
1056,0.17098878098226497,0.0027349464838647775
1057,0.14243432995567024,0.003314436060521148
1058,-0.19601133641962,0.002687803486799711
1059,-0.17786992712313926,0.0018499303745368666
1060,-0.3706685044346941,0.0012282152312361751
1061,0.2017304791699646,0.001957722654896275
1062,0.07706160990427784,0.0018772524228814552
1063,0.1541547607199263,0.0023338428258892915
1064,0.17394320779958883,0.0021167095617872105
1065,0.20914703609677707,0.002824983992029114
1066,0.15270925999173718,0.00348595134196558
1067,0.15737192219703283,0.004340224111892427
1068,0.019734935498029835,0.00433724531000491
1069,0.06803387061030533,0.004354038658193417
1070,0.0989499526443322,0.004269765334652377
1071,0.17168001633663754,0.004792403050954922
1072,-0.06971645539189229,0.00442652190556625
1073,0.18477978179499133,0.0046321238016385005
1074,0.0014118699772041657,0.005029927166694456
1075,0.2173765756225707,0.005758428838077673
1076,0.2252327620974381,0.005914747983385789
1077,0.162067219293934,0.006157931899718621
1078,0.057707222181098396,0.0063803872731964
1079,0.04906874230554619,0.006877848197459573
1080,0.08934033613451775,0.0067995920194793705
1081,0.07200557214301609,0.007535930552623533
1082,0.11088834566959503,0.008032394882664178
1083,0.04980550648316038,0.008492583101910275
1084,-0.0018244257689225577,0.008549352915206806
1085,-0.10671255878037121,0.00801269888811419
1086,0.006083345905281052,0.007554373906011665
1087,-0.20289746427290695,0.007315366378554534
1088,0.008918320106728396,0.006870818688435065
1089,-0.005097483005337031,0.006674689777506378
1090,-0.015306335296318217,0.006926461883371542
1091,0.1478722751084103,0.007250463069105429
1092,-0.017389393095360965,0.006805867348898201
1093,-0.2274148834321499,0.00655700213945995
1094,0.045056386746454624,0.006362509395833943
1095,0.032269493283118976,0.006237787210457649
1096,0.10145437279237393,0.006329922874033152
1097,0.28711713929893307,0.007067866968622479
1098,0.1546498930755627,0.007435233625331297
1099,0.03789325413132494,0.0071158731108309425
1100,0.02925794595163455,0.00713817204177112
1101,-0.25756532635070256,0.006352571496033231
1102,0.0371721624946353,0.006411790629895961
1103,0.10284061968856131,0.007019392027231711
1104,-0.08852941599674874,0.0075386905276697315
1105,0.17548603668163018,0.007535948098572558
1106,0.059594407132512336,0.007227884019991126
1107,-0.018089811229195476,0.007228760369180689
1108,-0.24980711055027344,0.00654788299490356
1109,0.06966144468020566,0.006923313967087875
1110,0.2172593527487854,0.00704524316683983
1111,-0.1792964032829606,0.006826044129492647
1112,-0.15280519106398463,0.007001314158402409
1113,0.17737673713781646,0.007535913711983986
1114,0.05942867701187614,0.007637820487180378
1115,0.044030450561955196,0.007508347505998416
1116,0.17648501061757768,0.00796132832871727
1117,-0.10242066961157593,0.008365700389654038
1118,0.007188520625900498,0.008127066524237763
1119,-0.13709216991817275,0.008146905611952047
1120,-0.34774078343165266,0.007736765368953675
1121,-0.053615566993154846,0.00751791479691742
1122,-0.21139107893585043,0.006812772936502726
1123,-0.014279575650199989,0.0065610323720580776
1124,-0.15428077971221224,0.006707184012870748
1125,0.1374089254456355,0.007419211892417377
1126,0.03493721192971512,0.007659695462749722
1127,0.10498487863269221,0.007636635818945911
1128,0.18189341392493338,0.008181725746422864
1129,-0.29085577452414935,0.007361629811815832
1130,0.1453450233605582,0.008161732079113868
1131,-0.10205247876672172,0.008201585023704333
1132,0.20695188311967722,0.00915628704647897
1133,0.0819901268952713,0.009269222159074757
1134,0.15123550454022214,0.009145173992213972
1135,-0.1084059067481414,0.008852744879120243
1136,0.18042332898049,0.009011628072350113
1137,-0.3455152203431776,0.008332104257755308
1138,-0.05496631492082239,0.00841569474259089
1139,-0.014646839647477978,0.0085772834146672
1140,-0.07472843157748982,0.008183835002456478
1141,0.06750023765344351,0.00805128768902138
1142,0.20909501219700127,0.008992227982296676
1143,0.017550563050361435,0.008671019901171565
1144,0.1373020940410343,0.008580888346217265
1145,-0.06780019945160944,0.008486522218358246
1146,0.11008420979513248,0.009064076580281261
1147,0.09615820706608125,0.0091211733913125
1148,0.09578884993382472,0.009113675590829314
1149,0.22293101811206237,0.010085669257673912
1150,0.08585457290871118,0.01027186675734472
1151,0.10386212645373158,0.010771324221831165
1152,-0.10571360837822066,0.010844707925187682
1153,0.03943279009890491,0.010855436690865484
1154,-0.06705217187481766,0.010473228300420596
1155,-0.2648371830043241,0.010304088618198561
1156,0.16766636571625682,0.010362877291642899
1157,0.12537178845735183,0.011298446259188709
1158,0.19099609355630223,0.01186214178346901
1159,0.12020679725700742,0.011829645184278714
1160,-0.20449472120666903,0.011796819686001084
1161,-0.13291446213870484,0.011459313873101755
1162,-0.19524213283558772,0.011573361171034384
1163,-0.19263918588818202,0.011241792763249376
1164,0.00335517018756298,0.011338652068141875
1165,0.0682857571773921,0.011695842146846089
1166,0.008737328049186522,0.011469930217224793
1167,-0.007545523787851428,0.011271100726296916
1168,0.10718629028610409,0.012223626717199369
1169,0.2131866679220428,0.01325285638512913
1170,-0.10221046443856137,0.01275469301472676
1171,-0.213752813468787,0.012301099496310718
1172,0.22965333902173796,0.012767584442730953
1173,-0.04900128729744646,0.012916621955262164
1174,0.006204709094929763,0.013202691163584652
1175,-0.21772442753106674,0.01274345670317483
1176,0.20462927308924214,0.013330781348405152
1177,0.18893052620808903,0.013543985598329339
1178,0.16984132542664546,0.014326103867743736
1179,0.11445923056271702,0.015057863797725331
1180,-0.20526980519286392,0.015068668162698813
1181,0.014290588458408849,0.014891330429244825
1182,0.11138331131207116,0.014874843359142373
1183,-0.045096351274183114,0.014540456974844584
1184,0.21163932822911408,0.015173042939668
1185,-0.08777790005572823,0.015379332853466429
1186,0.04172522487228117,0.01575454478764675
1187,0.15590281871544495,0.015708140497504842
1188,-0.057918206242021875,0.016099318852216625
1189,0.05827264423477058,0.016096863467857995
1190,-0.1531493487476754,0.015800092438103184
1191,0.04063552598360225,0.016017845522282827
1192,0.004772142290693671,0.01630948900215398
1193,0.009749395180576026,0.016542661879643865
1194,-0.37469458478401774,0.015580960083794998
1195,-0.029363679716320625,0.015472498423903261
1196,0.008646221156023112,0.015464792627478878
1197,0.05595607434902401,0.01612644726143334
1198,-0.17210631387058248,0.0157128793355488
1199,0.019269929339228505,0.015607619459163155
1200,0.15998880988646258,0.015547826613526512
1201,0.04263077506395648,0.015222480582201136
1202,0.026098733815664958,0.015374312766974724
1203,-0.34224800620260776,0.01442832023467462
1204,0.15600389225403638,0.014710179860844825
1205,-0.042720699751388154,0.014534074786141852
1206,0.08664807788801487,0.014547363955042875
1207,0.06959476546931959,0.014442113571707785
1208,-0.17431711976715336,0.014441080050666891
1209,0.2170682063299047,0.01486892097182859
1210,0.12276691666385325,0.015015090894016333
1211,0.2418235241170479,0.015546563423960682
1212,0.0037715190709307587,0.01541929862699292
1213,-0.15722909231048376,0.015492161503046479
1214,0.06228264808746033,0.015646572574324894
1215,-0.23275998441750084,0.015242902578008838
1216,-0.2286708095032285,0.015048757121992285
1217,-0.09624776976814067,0.015302163902519608
1218,0.04975637202207738,0.015562266414527657
1219,0.13286036708384819,0.015661084694497004
1220,-0.16548003561682081,0.015354933866401504
1221,0.08853521138325121,0.015367409705993897
1222,0.09984061123471377,0.015300750219124058
1223,0.09751641252283551,0.015095608248673351
1224,-0.31046387216641774,0.014337486070541918
1225,-0.11247567223249687,0.014021328655943912
1226,0.20318321096420702,0.014187385987809593
1227,-0.18288740549065405,0.013529893425664652
1228,0.18744372299402598,0.01357607862569151
1229,-0.009352860202147928,0.01325772800260389
1230,0.1531858306754226,0.013339088223627454
1231,-0.03048129268464945,0.013713717785576587
1232,0.10601557589937702,0.013843532750810305
1233,0.06845919390376286,0.013929005904082465
1234,0.12307395105332143,0.014235728475374552
1235,0.15006831955943567,0.014353603250833982
1236,-0.005630930515579256,0.0147335080157508
1237,0.1051265186846901,0.014820795546524424
1238,0.06255776513891359,0.014638471898339759
1239,0.0638374658312264,0.014416813768871098
1240,0.08692638431837126,0.014230611492343353
1241,0.1804574232656048,0.014739130400086177
1242,0.16528432313983119,0.014873409203134846
1243,0.11768379667400207,0.014842179947250005
1244,0.07207799205331877,0.0148010741034885
1245,-0.16811711086565326,0.01473877680061833
1246,-0.13455598033008545,0.014392928997432927
1247,-0.11306240310398977,0.014078085255378769
1248,-0.0720422431401034,0.013828357829473574
1249,0.17057869852715202,0.014078535835425279
1250,0.00655905819504937,0.01369763412887557
1251,0.3169879753588626,0.014174228211472241
1252,-0.1909442180641801,0.013619629410401077
1253,0.1490259825315678,0.014450407618288346
1254,0.1879735840796713,0.01500007616166594
1255,-0.2354036977079366,0.014284330678575558
1256,-0.03530038713809097,0.0142538492870873
1257,-0.20902858131722074,0.013894565345420067
1258,0.07385993317808545,0.013902839804952254
1259,-0.018479718908236704,0.013688884423794116
1260,0.1119172829447693,0.013712044245935247
1261,-0.22451103318797896,0.013551183642741731
1262,0.12440374926102273,0.01360531858293498
1263,0.07115653366567211,0.013363152352074355
1264,-0.12131116867435757,0.012632422105322831
1265,0.021169560340952083,0.012441130120806415
1266,-0.13017903518465507,0.01183677978694304
1267,0.0651172114057542,0.0119965280666221
1268,0.10693299085902068,0.011910396435922151
1269,-0.30053694856274266,0.011660808074286879
1270,0.04522105686148885,0.011561220626118484
1271,0.09951324626621251,0.012133513922883133
1272,-0.25895311344208194,0.011697369345308144
1273,-0.12451420785632857,0.01176008006106877
1274,0.1697472164985626,0.012534196738510792
1275,0.05228651393663604,0.013124049600338058
1276,-0.11064758903510519,0.013386366576427958
1277,0.003121981266839628,0.013586191890183596
1278,-0.057322640466800724,0.013555081436435839
1279,-0.08519095639351774,0.013793899094302642
1280,0.1214334747866957,0.013900758580561171
1281,-0.1305035062488348,0.013598983265484843
1282,0.14553248149350084,0.013724941853847782
1283,-0.17497186482283864,0.013172720210199697
1284,0.24890733211568394,0.014000719242518106
1285,0.019900414201985597,0.013723183924198353
1286,0.032930116009719845,0.013663495811171848
1287,0.1485540673235432,0.014300834575104492
1288,0.0952775440433527,0.014839169057279406
1289,-0.2049214605900971,0.014155437710842279
1290,-0.26973055197406526,0.013352257119013623
1291,0.1512514903057093,0.01391101163967856
1292,0.03729319796812559,0.01380379738540355
1293,0.03971817556483308,0.01379647037930555
1294,-0.06480325356805777,0.013383173342496238
1295,-0.12259951449213036,0.01360158268334462
1296,-0.25913037729594335,0.013397490810081156
1297,0.09648730622267682,0.013266553758787903
1298,-0.07237678561480915,0.013483521094559489
1299,-0.35538030390601727,0.013087159994020022
1300,0.07664075166587409,0.013028719649097978
1301,0.15181260124891116,0.013104815378078054
1302,-0.05413207474667103,0.012855638527258238
1303,0.13134252700779472,0.012767147992844164
1304,-0.21929792328855147,0.01244548414335512
1305,-0.014740573871335632,0.012949284572843693
1306,0.18370380301719047,0.01348048070548183
1307,-0.0507452312280327,0.013677607915712485
1308,-0.09074553862767631,0.01313385096867707
1309,0.038071353734216856,0.01285973785890351
1310,0.02321075569240378,0.012779869617416183
1311,0.028484144646760808,0.013086652908812082
1312,0.12278850302572382,0.013016076995642598
1313,0.11577163140084477,0.012941868946758183
1314,-0.2750193105204841,0.012349409846598484
1315,0.12363319526054257,0.013346710127413803
1316,0.09756010485250766,0.013078409296086774
1317,-0.12764898286781967,0.012395236686703054
1318,0.17482262217161615,0.01275493842865064
1319,-0.18090852961182216,0.012702224412832102
1320,0.03980981807292609,0.012322213150064926
1321,0.11533013365244404,0.012262140492303496
1322,0.013207353255671331,0.012009464764494429
1323,-0.12447970626879606,0.011462328497831041
1324,-0.021879485584422764,0.011376061018922343
1325,0.09949233752235395,0.011684562405411244
1326,0.05963509160984784,0.011541372419366406
1327,0.1924988627755166,0.012304062843162858
1328,0.12788166783374735,0.012288624211468898
1329,0.02306893302877327,0.012677759489433593
1330,0.20943754885954274,0.013506704963914666
1331,0.03313904854245188,0.013903719591238583
1332,0.07646520327316716,0.0137597926665379
1333,-0.1087596872948564,0.013328352316506755
1334,-0.3833343362812375,0.012912350795812327
1335,0.08759139643633296,0.01291455968066866
1336,0.18035728556200936,0.013232300236877026
1337,-0.33453627211238623,0.012410970475623687
1338,0.14488657947781383,0.012783064986232434
1339,0.011825629430966357,0.01261066049349384
1340,-0.0929070893522176,0.012400559548130746
1341,0.22501734378396812,0.01273116459481825
1342,-0.2615604826164439,0.01207436522307819
1343,0.15397778194170875,0.012174665596133895
1344,-0.21844233280354575,0.01152160661820704
1345,-0.18232176725861546,0.011599854310285783
1346,0.015359001489838897,0.011771992612585623
1347,-0.14626289845138704,0.011276850496880353
1348,-0.1770664702199551,0.011118383476701927
1349,0.1534517246711868,0.011745177699368784
1350,0.2603638803592883,0.012544548364873901
1351,-0.16501294039456335,0.012410798881950246
1352,-0.10202511514015734,0.012515921900340257
1353,0.09698168774650559,0.012364967052143162
1354,0.02990676439760198,0.012830585308210872
1355,-0.08607886603948933,0.012565223139945821
1356,0.1276883115558073,0.012724882906191821
1357,0.1305509510799798,0.012878796265913995
1358,-0.019168956618795998,0.012935269641794186
1359,0.08943018912601242,0.012999670373953437
1360,-0.015672393737864516,0.01282238038060624
1361,-0.17140698840721683,0.012235102926891624
1362,-0.01901951038111029,0.012451246754294596
1363,-0.032867973992328534,0.012144721576517107
1364,-0.08645596902701609,0.012326339367045773
1365,0.14097896936410087,0.01235656427864895
1366,0.07277490106588502,0.013011786925079184
1367,0.12306463547170976,0.01349854600402059
1368,-0.09888567887287653,0.013224425969622458
1369,0.02058128173187405,0.013008029128460103
1370,0.15882317093496143,0.013711798700972494
1371,-0.1445933851034643,0.013238707494906741
1372,0.24771275888878133,0.013758249677189431
1373,0.1496242819494639,0.014344846896373695
1374,0.09301062502232899,0.014292220157651334
1375,0.05819028102069859,0.01444057759327681
1376,-0.10455253955091756,0.01473973820363249
1377,-0.012998310084715334,0.01509153856878399
1378,-0.2591370511472388,0.01491887101596265
1379,-0.06107356366851941,0.014675469931946464
1380,-0.35268036218825566,0.014054963818826238
1381,0.13632240593595693,0.014200421749802091
1382,-0.19659668540187156,0.013676179411502471
1383,0.03899232502608648,0.013462728223059193
1384,0.0457061372176264,0.013957800780585587
1385,0.13153652746694858,0.014182714279442198
1386,0.10975385835872649,0.014398665698504655
1387,0.09013138443769791,0.014723468415643173
1388,-0.15621869945026376,0.014505660177876372
1389,-0.17572968884889636,0.013841617832828479
1390,-0.02922914279342906,0.013835516800560398
1391,-0.05535481368844124,0.013336940440403034
1392,-0.2337740385376488,0.012338911873147947
1393,-0.020442509040370607,0.01215944241961402
1394,-0.11308585068903433,0.011816749020799133
1395,-0.1709502198986874,0.01148113935363898
1396,0.042794658959745165,0.01122636791774895
1397,0.09473268868900174,0.011151181527325759
1398,0.19500287535134317,0.012157398350414555
1399,-0.07935042347195574,0.01256955052116575
1400,-0.08979787855131983,0.012702797443487885
1401,-0.19737551677797896,0.012286504490562568
1402,0.2763411120294074,0.012654822163857465
1403,-0.07559964171583489,0.012090763964077501
1404,0.17829506961480143,0.011913359806586667
1405,-0.16683061671935087,0.01118968056899778
1406,-0.025904370682755196,0.011037806443499162
1407,-0.27593269440027846,0.010444620131150072
1408,0.046559974218794084,0.010711663100840544
1409,-0.184143613280026,0.010380951128805731
1410,0.10662411042290537,0.01010130932826105
1411,0.10408691894239967,0.010081649086113422
1412,-0.1370006710741511,0.009821571806716148
1413,0.12062834368752823,0.0104142922102996
1414,0.1524993908068237,0.011142701690109056
1415,-0.10808581873978117,0.010377383288352417
1416,0.16749292155310955,0.010596430909604323
1417,0.2156672352159909,0.010696063331877703
1418,-0.11202117443750619,0.010642238948525068
1419,0.11121348485347493,0.010636218063541068
1420,0.09750500160891963,0.011258558901272512
1421,-0.28407102274923196,0.010299528143920607
1422,-0.12433504292382895,0.010113134221539682
1423,0.09030899157327954,0.01007884444271946
1424,0.011662263715361058,0.010049869547210245
1425,0.1291958585929791,0.010329687677625828
1426,-0.24344175928508424,0.010090122360569683
1427,0.18516023024831135,0.009996331646046403
1428,0.0030974040235885745,0.009898659383874858
1429,0.03247671949315232,0.00976276659962572
1430,0.12208353966691365,0.009963848710657745
1431,-0.20829239408599962,0.009682685664743586
1432,0.08658538215876625,0.010144843508860484
1433,0.13023043725645145,0.010285509626659785
1434,0.2325812317642085,0.010613578611263016
1435,0.1503759629596327,0.010547563506280916
1436,0.1456248913570365,0.010472045169257363
1437,0.18121128195946298,0.011264948485957514
1438,-0.018259575188394238,0.01108341637196606
1439,-0.06644164727018012,0.010635398372738912
1440,0.047036644353822925,0.011012520243558272
1441,0.1658122266734915,0.011629708330514745
1442,-0.13948597201613194,0.012088627134584914
1443,0.09724276119303982,0.012203877028859134
1444,0.1253130981207569,0.012380767999935037
1445,-0.038857755612136405,0.012078632858920205
1446,0.06808384630787863,0.01204682804243704
1447,0.0022263840286302133,0.0116687958041284
1448,-0.10254873793493749,0.01190619342027923
1449,-0.16631921203688804,0.011621944327276494
1450,0.14253290157484422,0.012017301635158439
1451,-0.03808044882994637,0.01160691271483751
1452,-0.11826284397752111,0.01207281432180649
1453,-0.1489991658557891,0.011567977900346681
1454,-0.09696928676621003,0.011103493833078517
1455,-0.051425685725900255,0.010789251974841563
1456,0.07464938439325575,0.010664075011534008
1457,0.13076860256460826,0.010760481661493121
1458,-0.1356812665888174,0.01014678988517907
1459,0.23213895344229502,0.010496246567665046
1460,-0.0671666029296581,0.010061029565737333
1461,0.016432435177079444,0.010581726417273027
1462,0.004951075651545601,0.010601477646128973
1463,-0.10269190633247609,0.010404507899938275
1464,-0.10112726996417287,0.00984771309492371
1465,-0.0006364681028339734,0.009467358256665878
1466,0.09500118154412612,0.009216611547286686
1467,-0.17811548798326746,0.008688943315787472
1468,0.009104074348214943,0.008573091549937623
1469,-0.31525243206129383,0.008293700846398291
1470,-0.0036967078887139944,0.008230474268583267
1471,-0.06269873260619398,0.00817236620991957
1472,-0.06766195200422749,0.00804076285663731
1473,0.25340300635133134,0.008928653616614256
1474,0.02683393922115035,0.009135034112934601
1475,-0.1561478735419282,0.008595438123652668
1476,0.04798692248525244,0.008497951381868868
1477,-0.2802878002937727,0.007819254200909793
1478,-0.06319774809217218,0.007403397039355208
1479,0.1203036405547545,0.008023580566328636
1480,-0.14543008291468942,0.007768405185442915
1481,0.17580111138139312,0.0077569523488421515
1482,0.13661451220348916,0.007990272368315413
1483,0.050798550954572474,0.00825239832383598
1484,0.2090489830278109,0.008687134158917836
1485,0.13098538509279536,0.008676630967806034
1486,0.0784827434418178,0.009435971915998998
1487,0.04228404778329035,0.009471233637135324
1488,0.11096763320872019,0.009791605043632995
1489,0.07236234315285607,0.009510009561029516
1490,-0.16358921462049478,0.008826497556039151
1491,-0.2449193484475277,0.008381963678498519
1492,0.07991250078552023,0.008501425605872916
1493,-0.04202206575999194,0.008119001838830808
1494,0.17421974481557256,0.008704891498269529
1495,0.18238300850439418,0.009339993335662888
1496,0.09689787732681447,0.009356047689954216
1497,0.04220185990969226,0.009997891481715917
1498,-0.10885488164073409,0.009669713686970218
1499,0.05557360183246691,0.009541188520301868
1500,0.06147709710871054,0.009804394252015255
1501,-0.03320031184959672,0.009654654683796813
1502,0.01877886153414372,0.009691272943684938
1503,-0.3215532499051863,0.008832596254488307
1504,0.15695557444434272,0.009277474085169981
1505,0.12071578970680664,0.009491914893042902
1506,0.05436096538458588,0.010139693917947657
1507,-0.01241049047004356,0.010351778306747612
1508,-0.03914886204838868,0.009913467524733833
1509,-0.10289573561269628,0.00940885410451734
1510,0.15266340062641132,0.0096847400704135
1511,-0.14966954894043225,0.009228773243426844
1512,0.2977168253777458,0.009515032646597869
1513,0.12470033002289167,0.010099073242834558
1514,-0.10053775266803527,0.00970167984706633
1515,-0.026525351248308883,0.009372913293361432
1516,-0.4311696682108201,0.00842850891898105
1517,0.09760080134528863,0.008440292611376564
1518,-0.026729055496070898,0.008405400363638271
1519,0.08924474728560525,0.008878392708113789
1520,-0.16763974205729498,0.00854916973621326
1521,-0.16107747309866602,0.00815285954841144
1522,0.20266372759764867,0.008340328510352693
1523,-0.027701761040673123,0.008794925605290257
1524,0.053123557794855766,0.00904361795162894
1525,-0.06805730531753945,0.008639716659996211
1526,-0.04647177643405519,0.008252931418515585
1527,0.11645136545302975,0.008439002357481393
1528,0.10391383238381778,0.008123553297152355
1529,-0.2567367332840364,0.007874319140929242
1530,0.1886348643683505,0.00852656321171378
1531,0.05583299622994298,0.007960899857426032
1532,0.07032249687730631,0.007958409563622218
1533,0.2132467691158691,0.008284570238836629
1534,0.15078575415242088,0.008156425760907905
1535,0.24069971211978516,0.008673254564845028
1536,0.1718955755067225,0.009154064577505974
1537,0.09714207449431064,0.009714833820046447
1538,-0.032640874583167334,0.009640527286362515
1539,-0.1372842056792625,0.009228655232168047
1540,0.07604768076960365,0.00919081898281229
1541,-0.0556024624364276,0.008995984034062205
1542,0.05339077457918022,0.008977287719369587
1543,0.13316634886719653,0.008999796174312095
1544,-0.005178719128373743,0.009017266976701181
1545,0.0211571056873817,0.008883001287396908
1546,0.029572321329676365,0.008698897367158266
1547,-0.07428600023196832,0.008370812446731579
1548,-0.06844301824612384,0.008625531537515841
1549,0.16233692587455584,0.008841851810622971
1550,0.10991512618291469,0.008738100430061539
1551,0.07457827652845644,0.009384922260475215
1552,0.12049161315549481,0.009615856164758173
1553,0.24955766112402158,0.009835535396711179
1554,-0.15766908583063138,0.009892520762451885
1555,0.13845043887680267,0.010303985127348852
1556,0.06070409917282016,0.010083415763729961
1557,-0.04511348789663503,0.009708320128025352
1558,0.03836920995517607,0.010177081220774944
1559,0.011351049134910059,0.010555523173291044
1560,0.13934993565742218,0.011575560053475275
1561,-0.18640666710172085,0.010799285760931905
1562,0.01314937875280796,0.010671461298628965
1563,0.02025602962653663,0.010403663836442187
1564,-0.02964227729543935,0.009996492866252128
1565,-0.19410932577025142,0.009189980142518072
1566,-0.06150036074228768,0.008761560901050021
1567,-0.04649150555139272,0.008353834045553172
1568,-0.15086929238467658,0.008012625589787757
1569,0.12633931106428486,0.008129236470695718
1570,0.13051400310191635,0.008192364571610886
1571,-0.0575172193936269,0.007733970100150357
1572,0.19313096586436662,0.008259664942662875
1573,0.13028976014781046,0.008150684899368514
1574,0.023593672765195035,0.008195048504944496
1575,0.15013755972126386,0.008060570473141881
1576,-0.06842967804229226,0.0074732455928624205
1577,0.16048066606798514,0.007470072486410523
1578,-0.35574692995661444,0.006643164182135097
1579,0.3002108928701274,0.00714544848326426
1580,0.09569646595786317,0.00715816074291095
1581,-0.10438965265707108,0.0068053702933107765
1582,0.11800846511627003,0.0068196105322041265
1583,-0.16196980314429393,0.006396059912949218
1584,-0.4424191220330622,0.005514870520420939
1585,-0.08583193508367486,0.005556631767814331
1586,-0.07646458856472843,0.005391535898874312
1587,0.08045082272671852,0.005958232472873562
1588,-0.24400699933382414,0.0054523818339924585
1589,0.05841681228971171,0.005579410424582555
1590,-0.2166299032651382,0.005176763288644915
1591,0.10243523551391483,0.0050858892094559245
1592,-0.2049627671857462,0.004710742461275154
1593,0.07775612822750456,0.005321084484594463
1594,0.09735064644326236,0.005425673003988079
1595,0.185990444271674,0.005733114905965188
1596,-0.321166119866036,0.004887873920648369
1597,-0.2116539440406478,0.003890331753969207
1598,-0.06919930585911224,0.003442633356099857
1599,-0.006396392658088393,0.0033540540625210304
1600,-0.1508087926705027,0.0029939205852767556
1601,0.10085225192083261,0.003710755741819826
1602,-0.09754456153369856,0.003441322293763158
1603,-0.12462819622526532,0.002986384661935505
1604,0.0033963037844488317,0.0031702361014979002
1605,-0.15994876285075937,0.002499366502433121
1606,-0.24337759397495978,0.0018934225002181768
1607,-0.17220812983818454,0.0015851858630001989
1608,-0.22350739896247962,0.0016377852861757867
1609,-0.044176636589709634,0.001410109123635956
1610,0.04794309022947314,0.0010714765985973315
1611,-0.17604160516353284,0.0010779861948361869
1612,-0.18848892943270926,0.0010066187180987375
1613,-0.2889365698263641,7.399210417037638e-05
1614,0.045684961684915155,4.650467351645436e-05
1615,0.15783062245270127,0.0002741050172979465
1616,-0.256177665899673,-0.0005912203357365548
1617,-0.3567300428316407,-0.0010998390821766843
1618,-0.0369242137738213,-0.001188064550976128
1619,9.895959383577312e-05,-0.000913682291952111
1620,0.11404123888615478,9.881752683503887e-06
1621,-0.11244982177542978,-0.00010778675688104598
1622,-0.1353710861447009,4.425322870125309e-05
1623,0.06210964608043634,0.00019703167216252577
1624,-0.09536519940883106,0.0003148628327692881
1625,0.07584543143127398,0.0001917358447405651
1626,-0.2495286484548297,-0.00037719587602852455
1627,-0.04846563498347289,-0.0006840969032608548
1628,0.16594174097603953,-0.0007160002491586423
1629,0.016286892171388085,-0.00010171491576756761
1630,-0.2857364519832588,-0.0009638778664552017
1631,0.18160916057208712,-0.00039655458777758395
1632,-0.009118412960028034,-0.0008286951799369945
1633,0.19891086408460792,-0.0005948537055583212
1634,-0.34084768215680206,-0.0015790200789523696
1635,0.005161397218686577,-0.0013518854710187136
1636,0.13588881437204203,-0.0014409545002356094
1637,-0.007963267644737003,-0.0007658505948387282
1638,0.09395092149444634,-0.0004680161220081908
1639,0.10174011594960881,-0.0002352422108140172
1640,-0.025360227334545543,-0.00013650580232812864
1641,-0.1656028141546453,-0.0006027119059443063
1642,0.04903684327234945,-0.0009228282437936101
1643,0.012260175190778565,-0.0009334090195127758
1644,-0.03730904614991717,-0.0012826312998946785
1645,0.08891686435953053,-0.0009691971722723987
1646,-0.048849634499933736,-0.0012870648608625313
1647,0.1559929248372193,-0.001167395425320255
1648,-0.31577617790914714,-0.0019905254810061988
1649,0.04090369145433699,-0.002354580134321649
1650,0.19386910080395742,-0.0021385510785311567
1651,0.03613670830415314,-0.002274001914830314
1652,-0.04757881654639637,-0.0021577323311666656
1653,-0.08104471401150722,-0.0023986873393874895
1654,0.005464419350580851,-0.0022536541569366927
1655,-0.17906470126827187,-0.002082109193464588
1656,0.12890313459984903,-0.002159635655697403
1657,-0.05299859908328377,-0.0025163764307786747
1658,0.2100726825905141,-0.002478223252710251
1659,-0.08081873118557059,-0.002880274309595407
1660,0.1414173928561723,-0.0021884500814697244
1661,0.22137386409869667,-0.0014798734289949214
1662,-0.04552779500381813,-0.0011804447533313822
1663,-0.08730420033447768,-0.0009697747822239736
1664,0.06355775775665129,-0.000849369607085797
1665,0.12701122492653213,-0.000731918671587517
1666,0.20020539512390753,-0.00034898253743807496
1667,-0.009874257324984896,-0.00035364000451234184
1668,-0.09456744393381113,-0.0007571474729521723
1669,0.11334056868508305,-0.0009568396714260918
1670,0.1829827163622617,-0.0003864533098244457
1671,0.04143255376118132,0.00012391742463549094
1672,0.13293024713165694,-6.95287591446711e-05
1673,0.08611632742053316,0.00020070647029128813
1674,-0.17416075318213764,-0.00016002445426284667
1675,0.28136221724190363,0.0008381488352830941
1676,0.2247486852022992,0.0008783876595092082
1677,-0.17319574383751035,0.0001541351194180094
1678,0.05480160541843174,-7.594432059841804e-05
1679,0.1293105138007215,-4.624175412240905e-05
1680,0.2530000348481327,0.0008702979259595842
1681,0.10102367414428413,0.0010437640973313346
1682,0.23299525792386344,0.0012869879905549194
1683,-0.1275698734363304,0.0011220409462306248
1684,0.1593694906027857,0.001017501270977968
1685,-0.012658146217500006,0.0011677407786544248
1686,-0.28481887034695363,0.0005146525882159549
1687,0.1418972057908995,0.000486641362366864
1688,0.16776415849230422,0.0009380060918355162
1689,-0.03500495911552656,0.0007514508851349218
1690,0.08508045465975529,0.0012279104919497835
1691,0.026047654927688135,0.0011987347498379553
1692,-0.09440623544204657,0.0010003779943724748
1693,-0.022705421492923147,0.0009354683610254764
1694,-0.24859401881501422,0.0011876694929634835
1695,-0.08144236520914877,0.001083512121977827
1696,-0.460208791989772,0.00014580209568623682
1697,0.13158303913230698,0.0002970560252528028
1698,0.06916509793243596,0.0007795988488588397
1699,0.11826236284927533,0.0009775837158789334
1700,-0.11942430658990248,0.00041875748292620317
1701,0.18067932145462937,0.000694854575707549
1702,-0.013616575551497881,0.0006154239569732232
1703,-0.06962319011368981,0.0011606735891510594
1704,0.04339863249776663,0.0009354630696385197
1705,-0.1128058012117554,0.0007952928667177852
1706,0.20567541837280087,0.0010333475476873573
1707,0.19721471687594458,0.0012885874505006072
1708,0.09628994960213395,0.0018298015892391816
1709,0.301903919137807,0.001999473014854986
1710,0.10644234187428861,0.001966823865275857
1711,-0.17648292464835683,0.0011302109677450475
1712,0.027026947940645512,0.0011767218254844771
1713,-0.1814994516887557,0.0011281811067279332
1714,0.038007775269515306,0.0010796313610920434
1715,0.0813358477667296,0.001707823025460504
1716,-0.12713955626306866,0.0019108855319408238
1717,0.06275295726322214,0.0022288869860035494
1718,0.1435328147607536,0.0024164398714809016
1719,0.04850712159559708,0.0022477333805043993
1720,-0.22631768572566877,0.002126058080286704
1721,-0.033184470842294825,0.0018826187158356117
1722,0.05583757836178221,0.0017946126500897486
1723,0.059914345341131256,0.0017194085157263398
1724,0.12548012771468653,0.0025912965154885484
1725,0.00887286731555724,0.0028339935945846566
1726,-0.23995746425847037,0.0019477122441393018
1727,-0.2253830772437982,0.001862720900633014
1728,-0.1764167525107091,0.0011349999496235435
1729,-0.1434544917502022,0.0008667966865274351
1730,0.08099826786448017,0.0007224215609055502
1731,-0.28438316720781764,0.0002146178118592138
1732,-0.1920972527811566,-0.0003816078455018535
1733,0.11599544423088542,-0.00028653534484760835
1734,-0.08711003377261484,-0.000706903314499481
1735,0.11166900489726678,-0.0007837019438238187
1736,-0.1218503326858004,-0.001016140748164261
1737,0.06903801158090776,-0.0010883177623718257
1738,0.0360544943219917,-0.0011413243040056694
1739,0.2365381608287166,-0.0007959229140106891
1740,-0.11760919391451832,-0.001204994070476468
1741,0.03913659225713039,-0.0014876357324934168
1742,-0.2596026627225738,-0.002337409704218227
1743,0.10143213678708454,-0.002369913023992062
1744,-0.0033091058335124046,-0.0025206872197657245
1745,-0.015878579047357157,-0.0022162101561291323
1746,0.15338314032697237,-0.0016403319148150166
1747,0.1449209289711815,-0.0011243652506646741
1748,0.16198646336813685,-0.0006563078376481936
1749,0.0736462406222551,-0.0008501727534579875
1750,0.12983551033251628,-0.0006036198491830535
1751,0.16194955163353694,-0.0009136966966337048
1752,0.2776094630461383,2.3410665586932057e-05
1753,-0.2744789569702267,-0.0008235992134166569
1754,0.08727273396198747,-0.0010250009136520246
1755,0.1417799173620951,-0.00027063368351196116
1756,-0.10449945018402908,-0.00040903180960383733
1757,0.16941998593578386,0.00034786532490217194
1758,0.16845708775982554,0.0005370596340656522
1759,-0.06327315908387454,0.00044747275371437637
1760,-0.022055805990656943,0.00017952657584352394
1761,0.11457819007627881,0.0008577050223720395
1762,0.18764506609783707,0.0009841876560456682
1763,-0.314219629108329,0.00021343533049766596
1764,-0.11554628487991495,0.00022496509808655118
1765,0.08328230486370788,0.0003491905871320628
1766,0.05489309302362369,0.0007193348435486202
1767,-0.14702301225795394,0.00029505439622120406
1768,-0.023847266585904615,3.349388133135344e-05
1769,-0.056419354456041085,0.0005217290695447566
1770,0.13975364929573775,0.0007107942544132544
1771,0.17117457989757423,0.0008541169216759779
1772,0.007750638159926685,0.0013875244248799951
1773,0.06980115355718267,0.0017761551477070176
1774,0.1674891300254452,0.0017716389747607828
1775,-0.025837804976080455,0.0016153903369353498
1776,-0.30844891868444224,0.0012197876776366757
1777,-0.23119319261414956,0.0007511573298746973
1778,-0.25908539346495774,0.0003476318238783833
1779,-0.2429923616286065,3.202901340820574e-05
1780,-0.15767760305823336,-0.0005261931422816524
1781,-0.30375632283969267,-0.0008726987754633682
1782,-0.1054716608430034,-0.0013747070601363767
1783,0.07078503787649054,-0.0008831932547377182
1784,0.09588535695415305,-0.0011892372050607803
1785,0.02044075510892952,-0.001188156523246892
1786,-0.028238056479677486,-0.001310492868225687
1787,0.13796069540642117,-0.001331679612059931
1788,0.14655921882648573,-0.001229116262493665
1789,0.1645857166673279,-0.0004901019079788148
1790,0.018831652403327917,8.702250077597153e-05
1791,0.06827140225965311,-7.893767531614085e-05
1792,-0.32024808783213426,-0.0007940202469166606
1793,-0.18556876317377027,-0.001244594124393867
1794,-0.10013961661209632,-0.0013152668504819442
1795,-0.1486012936213268,-0.0013672704087403372
1796,-0.11832616524459652,-0.0010856619846376435
1797,0.18503287472265792,-0.0009085708476376811
1798,0.2465962424487027,-0.00027062479151065754
1799,-0.0044789691411352955,0.0004311778780191064
1800,-0.1829102470063154,-8.792411932527256e-05
1801,-0.37576085402857645,-0.0011430710298802479
1802,0.11317039318679285,-0.00080846609401332
1803,0.0750453291084638,-0.0009210604898119819
1804,-0.04676560202329476,-0.0005759958472814684
1805,-0.16596012630121823,-0.0008784349521412336
1806,-0.19564556051993187,-0.0016371336792154782
1807,0.08347659570309579,-0.0013686900253532214
1808,0.18027319050217555,-0.0008266525670935176
1809,0.07904855224535756,-0.0007446981700712362
1810,-0.14389972958469677,-0.0010789191406254373
1811,0.11833102127363587,-0.0008992253873716873
1812,0.04884615429717502,-0.0010471100848287848
1813,-0.11757070856924973,-0.0015137947647689738
1814,0.013321687254785244,-0.000937112769218435
1815,-0.0383510466537298,-0.0012610812530469797
1816,0.16732149474416158,-0.0011215584732636719
1817,0.13094276055134826,-0.000604374986425336
1818,0.06586434452393768,-0.000822291541720693
1819,0.1530526771199322,-0.00015436912825718424
1820,0.10114761895891183,-3.1693526485212756e-05
1821,0.22605706612792986,0.0001897603384657589
1822,-0.40341300450662093,-0.0006434803770588257
1823,0.19346069091350895,-7.599582694215623e-06
1824,-0.2811265709383557,-0.0005260937534020815
1825,-0.23761419528342403,-0.0012003068190136377
1826,-0.0992977954860317,-0.0015181725932053966
1827,-0.23330411631497716,-0.0023697785513863844
1828,-0.21492775955013324,-0.003055397406154145
1829,0.020101912566831324,-0.003061331447078029
1830,0.04131779503210798,-0.003397570954732899
1831,0.19749303639805693,-0.0030688629790216887
1832,-0.1923062077444477,-0.0036064058010569183
1833,0.15638761077833394,-0.0030761112049105376
1834,-0.020263619436504395,-0.0023499697712210713
1835,0.05723946286473955,-0.0024106736383642585
1836,0.21909708198521524,-0.002333194045517847
1837,0.05224940246894828,-0.0015596226963551776
1838,0.12414889454804286,-0.0016010980662147195
1839,0.1308647227664912,-0.00136301987954367
1840,0.3651613831682895,-0.0004468829345026555
1841,-0.06913708755244356,-0.001035191797175479
1842,0.05575841757984402,-0.0004005539967829031
1843,-0.4362920734259097,-0.00158109370751814
1844,0.1347729323691947,-0.0008746631771726591
1845,0.1913987533772634,-0.00012722213590090142
1846,0.13806389530862953,0.00011818765173667983
1847,-0.20999617656587272,-9.278904492291518e-06
1848,0.08405358650474681,0.0005129612089571123
1849,0.05314479311788387,0.0003123473458505064
1850,0.09430645475502483,-1.9767505358020522e-05
1851,0.12089241214265557,0.0005520431997164173
1852,0.17463002639784594,0.0011053534827924238
1853,-0.02622107715610948,0.0008589479529871937
1854,0.21356725112479052,0.001226268926441571
1855,0.019162723648210832,0.0014367521058169712
1856,0.17782560830887853,0.0015370266993231137
1857,-0.2409565101548401,0.0007940117768534738
1858,0.11481295664791742,0.0010619756033869007
1859,-0.01036762888525487,0.0008623799673643662
1860,0.0037136377062866894,0.0009011520302526685
1861,-0.07759282572580832,0.0010887803556154858
1862,-0.15587278653653996,0.0008150738033046263
1863,0.07817777097624416,0.0010371652932417716
1864,-0.29393986345019757,0.0006221975043954088
1865,0.02823419125802913,0.00039670794818326513
1866,-0.3252283808606675,-0.00039929861566983995
1867,-0.22345866175006604,-0.0010923452101133915
1868,-0.458291496935478,-0.0018111568462385944
1869,-0.1775748556898502,-0.002207469121082043
1870,0.17188920017139134,-0.0021813370626091832
1871,-0.17970179311600204,-0.0022515538786342586
1872,0.15058411478075737,-0.0024458111668503066
1873,-0.1835546177297716,-0.0031121689662087773
1874,-0.07938386544096103,-0.0034569579471353576
1875,-0.13480500403853385,-0.0038429485172538223
1876,0.05118473060559407,-0.0035314739769407993
1877,-0.03627582031019641,-0.0035780289973917612
1878,0.2268509675262365,-0.0026060529600448108
1879,0.051504743798682855,-0.002380896345110406
1880,-0.2744375497850185,-0.002224410720303932
1881,-0.07805224043301778,-0.0026531600130418813
1882,0.09147759128154505,-0.002077011459675048
1883,0.1980388008070872,-0.0017589185081130468
1884,-0.16501978552848526,-0.0021803703536052697
1885,0.17815907989829088,-0.0020871252487425856
1886,0.05610221018118055,-0.002194428545097677
1887,0.0004962936260338854,-0.002373698726721006
1888,-0.20541895557338047,-0.0024720992389672385
1889,0.08426521235757059,-0.001952109436554305
1890,0.249133618916504,-0.0013953839131344385
1891,0.17801478966931783,-0.0009286447064189205
1892,0.1678064758124145,-0.00012548367771879397
1893,0.1040303743653558,0.00012346208909265883
1894,0.1912641191915838,0.000732162028853895
1895,0.2882050123254183,0.0016504724933021065
1896,-0.11057644337712069,0.0013437302886283747
1897,-0.08628748164675792,0.0009816899479568554
1898,0.10694837090200407,0.000805580939058177
1899,0.02970090891739239,0.0010236836038368734
1900,-0.3252845664726718,0.0005527102279941693
1901,-0.1562812945780622,0.0006348986723940028
1902,0.004113251491373187,9.044295131793447e-05
1903,0.0058973953336133615,0.00025343702541683093
1904,0.07765730286012647,5.216149190748104e-05
1905,0.019322276595936248,0.0004244672785380553
1906,-0.03670776450705841,0.0004028604908894489
1907,-0.05377520587321105,0.0008471754679435837
1908,-0.12915486894473327,0.0004957457816165289
1909,-0.056905516353148,0.0007502219754702849
1910,0.059330353027736614,0.0006556344606799473
1911,0.2213826892920812,0.0008902260013793104
1912,0.10096380023204307,0.0013661549439916987
1913,0.02619101533906695,0.001177280287294776
1914,-0.16035777023796133,0.0005515659652052061
1915,-0.35718514008771374,5.3367322509340955e-05
1916,-0.0510796211302956,-0.0003837777628574693
1917,-0.09002606798871784,-0.0009951643692668868
1918,0.20110448416207624,-0.00036891305206772194
1919,0.06090737222550313,-0.00046952527732366554
1920,0.07677480304522,-0.0005109856744510648
1921,-0.00508065880717698,4.6995053433045165e-05
1922,0.19120960238478377,0.0006780843440502706
1923,-0.03641681608562948,0.0004246327287324525
1924,0.056337242634319065,0.0005139826865703686
1925,0.28273690485061664,0.0008210647790856436
1926,-0.07335541308684908,0.0011612374714821138
1927,-0.4028970516457139,-1.487709230593659e-05
1928,0.11185618876482843,0.00020264047717654318
1929,-0.2516426905057219,-0.0003655983428212053
1930,-0.14045732591939059,-0.0008906800739938138
1931,0.07399646535855746,-0.00032610235510469965
1932,-0.10080568714326076,-0.0007008844937087537
1933,-0.3948787748215843,-0.0017511029178648252
1934,-0.19115692153397862,-0.0025985792244611994
1935,0.12554030787167592,-0.002648250534637113
1936,0.24612592457084062,-0.002447248468209505
1937,0.09938827846547095,-0.002610894475197489
1938,0.0069133165179098635,-0.0025605486917848804
1939,0.07069026783759302,-0.0022862848615693345
1940,-0.038679634786904275,-0.002457717419850789
1941,-0.0028398612593095148,-0.0027950215957163907
1942,-0.19699825225625464,-0.0029100461561966363
1943,0.12074649429077841,-0.0028630386900011587
1944,-0.01240561731430948,-0.0031384761208712916
1945,-0.23190235455501523,-0.0035245653187570493
1946,-0.23402827494227654,-0.00412878956125736
1947,-0.09408422947867787,-0.004321410788271976
1948,-0.01350340815469079,-0.004143320128711482
1949,0.019020704926108235,-0.0037726402947854897
1950,0.1945400341765966,-0.0036686260295819857
1951,0.24160553514710922,-0.0031092540616278743
1952,0.06122860974107426,-0.002750271154190683
1953,-0.1792383968728059,-0.002810749616224717
1954,-0.18245996119358238,-0.0029817309650794614
1955,-0.18410013654287255,-0.0032470798667134063
1956,-0.011200667027671042,-0.0034187799695552597
1957,0.11020237312010664,-0.003459912428444263
1958,0.0062177745660455044,-0.003176114346134537
1959,-0.3566416679946977,-0.004353675589008523
1960,0.07976476307935397,-0.004059812856990498
1961,0.09389832113418019,-0.003904881085076298
1962,0.12555368350822343,-0.0036636758693629414
1963,0.012616536505439521,-0.00343305898368711
1964,0.18129688538198968,-0.002868210672994785
1965,-0.04786772435020126,-0.0029626731854895194
1966,0.10790661482829311,-0.0029368623189211856
1967,0.25446319339001167,-0.0020717049561746275
1968,-0.12054964389496588,-0.0023310123926609887
1969,-0.2971353884569206,-0.002294778305452242
1970,0.11007966784465989,-0.0020672255539854944
1971,0.13601009804370576,-0.0016698078926856953
1972,0.11459126848069928,-0.0013053014517158416
1973,0.07002301444414083,-0.0016720614355302226
1974,0.05749927077018261,-0.001610730772432158
1975,0.1407425728666998,-0.001016949879614902
1976,0.11868718156389471,-0.0008755493614576175
1977,-0.22756838631612153,-0.0007701105335023153
1978,0.02829649894025308,-0.0005871220394374647
1979,-0.3524800015096329,-0.0015326893235662396
1980,-0.2330476668908387,-0.001707924491518538
1981,0.08623516397635335,-0.0018870563863286176
1982,-0.09812820475521383,-0.0023565418202460236
1983,-0.297189075945416,-0.0030525170740460005
1984,-0.13097824802949778,-0.0037325715361606177
1985,-0.28291605640881884,-0.004560374419163846
1986,0.1712108096636875,-0.004374918286720106
1987,0.13182133434623763,-0.004195843713594213
1988,0.02141259926017048,-0.004374953781491312
1989,0.07052223634681552,-0.004378633995103394
1990,-0.14108820026195124,-0.004333631966386305
1991,0.05302914216426639,-0.0037377349851627174
1992,-0.14121396104166864,-0.004179987908817096
1993,-0.13685812077620074,-0.004369660018849514
1994,-0.03866367249110443,-0.0047954268534628666
1995,0.20120119368982156,-0.004757790483092011
1996,0.11955982269461769,-0.0047124665923564055
1997,0.07826740843985695,-0.0046403354952960765
1998,-0.13503732066579938,-0.0046927003733462066
1999,0.06792262735276222,-0.0046680023223056154
2000,0.16406415943400185,-0.004462828197655034
2001,0.13193911919659068,-0.004132549335562659
2002,0.11589917804071828,-0.0039383087025495105
2003,-0.15167391705110367,-0.0035985500368413445
2004,-0.17160427157644897,-0.004255669728882927
2005,-0.08450365021685224,-0.004666108608730246
2006,0.1599225481085019,-0.004454985443282413
2007,-0.23260858905056286,-0.0048953816404434525
2008,-0.08768874572986766,-0.00499246140780641
2009,0.07622429795933505,-0.004634221340662347
2010,-0.05760206020905303,-0.005054752262333276
2011,0.05009947179561336,-0.004655214220861186
2012,0.07191279235679228,-0.005106822286903092
2013,-0.13157893015747904,-0.005619380807263834
2014,0.1881241719400869,-0.005042056958047589
2015,-0.18322182945046864,-0.005355449914451909
2016,0.08322782768910021,-0.004326654922652068
2017,0.2022248546504103,-0.004117406816041825
2018,0.04854845395144197,-0.003966851797146799
2019,0.04404930424701522,-0.004057242683223978
2020,0.0059540180570977486,-0.0037100551629951936
2021,-0.28855546417285155,-0.003965011145143565
2022,-0.21934795118175202,-0.004809034502702365
2023,0.14633656889515495,-0.00446095784283071
2024,0.04613712874928363,-0.004474930700921854
2025,0.16833517574607695,-0.004002145738794621
2026,0.04224319346841302,-0.003824715798989685
2027,-0.0704200288295751,-0.004198458587554895
2028,-0.13741796112862925,-0.004681122174579788
2029,0.10353285181856639,-0.003960583004374583
2030,0.034784128958049235,-0.004268284475195186
2031,-0.04559849122605206,-0.0044711474501071755
2032,-0.05738538204751058,-0.0047265632079568085
2033,-0.20718025132219467,-0.005567417248832937
2034,-0.17459091449638134,-0.006218170586130541
2035,-0.08879030603942456,-0.00687715062244896
2036,0.1271298733044133,-0.006966682026853579
2037,-0.07007364383409426,-0.0073011134635103895
2038,-0.11280168448708183,-0.0074614350833182175
2039,0.1509819096808564,-0.006884902852597981
2040,0.118699868872967,-0.006799598476391253
2041,0.026573150795536044,-0.006635247249927327
2042,-0.0973938677376108,-0.006936816534560909
2043,-0.25876811583356835,-0.0077206854639624385
2044,0.11728929015975573,-0.007475749445386179
2045,0.13228839724953753,-0.007253486862261868
2046,0.05474924407000659,-0.007203133016781207
2047,0.12573786765504064,-0.006803085281007189
2048,0.10172318090943361,-0.006462752882696075
2049,-0.07560540751713304,-0.0069386375494794525
2050,0.18447460948903607,-0.006789518582867209
2051,0.08806401744016638,-0.006762547101043789
2052,0.09759240379969915,-0.0068083455197553815
2053,-0.02914401299976096,-0.007365748868002946
2054,-0.18918462282991388,-0.0074287799420015115
2055,0.06015598213663877,-0.007585368855481839
2056,0.15019641288910504,-0.007406384228049268
2057,0.01693109123221603,-0.007282295069791566
2058,0.16285952641695348,-0.007033314436868012
2059,-0.20534617498704924,-0.007466708885111931
2060,-0.30770097754469583,-0.008360810711516165
2061,0.14433499512667367,-0.0076993273870593765
2062,0.09879201018732522,-0.0075280421241903425
2063,0.06981313213529602,-0.007428927919172824
2064,-0.2804934171793796,-0.007930630198940705
2065,-0.17895913339112587,-0.007900329814182453
2066,-0.10495009114075851,-0.007987229274979395
2067,0.08444951482936341,-0.0077253472342178825
2068,0.16538856359567253,-0.0070928315222571845
2069,0.02467266212386642,-0.007296164820138021
2070,0.04214624953932857,-0.007472900327263197
2071,-0.04396540742635825,-0.00744579670332866
2072,0.20981987060909968,-0.007412418893839193
2073,-0.007524136813518394,-0.0076880466877618505
2074,0.14026720720602415,-0.007454699618880193
2075,-0.06021836086959584,-0.007875411460061913
2076,0.033535612314135065,-0.007671480879349058
2077,-0.021366621412399065,-0.008035175454309826
2078,-0.1457596138235427,-0.007615200822043682
2079,0.2096306017137009,-0.007796361404356535
2080,-0.17724414834000943,-0.00834224263295228
2081,0.025173780049550894,-0.008083115767539036
2082,0.07464191444729201,-0.008169848868876992
2083,-0.009671223135134908,-0.007865251708858675
2084,0.17546749770835884,-0.006629478469375833
2085,0.14743500962175132,-0.006162944579964981
2086,-0.25767955212110105,-0.006525374507077726
2087,-0.05875485380774135,-0.006803785860146646
2088,0.1069856821706146,-0.0061018004971377686
2089,0.1106856322541346,-0.005997262857208922
2090,-0.2390196173657133,-0.006042042285410073
2091,-0.11838953767283375,-0.00648369183178357
2092,-0.18538432835173285,-0.006444534954115542
2093,0.22358724614704067,-0.006152872718276471
2094,-0.06866826923217134,-0.0064849105496273375
2095,0.0831744040432488,-0.006690542630084188
2096,0.09557674369565249,-0.005857056902960811
2097,-0.07169152358650552,-0.005577132062052527
2098,0.049102845377749206,-0.005340527759578804
2099,-0.2924671393399435,-0.005912669252942514
2100,-0.13971401341723155,-0.005890479694435972
2101,0.024968318759473168,-0.006042247560758691
2102,0.12237503922414705,-0.005602408359243
2103,0.052515039910784614,-0.0052481218869709
2104,-0.15362382833670382,-0.005562162151213204
2105,0.03767522367659672,-0.005166914178158493
2106,0.04331014397377879,-0.004593538702261016
2107,0.11273148972234714,-0.004023659463139952
2108,-0.34732939232707144,-0.0042713034498691365
2109,0.10469965409498233,-0.003973550868499752
2110,-0.20003484424420312,-0.004469506737447104
2111,0.1553233669258425,-0.003806776793268354
2112,0.12028654211144665,-0.0031892258501800418
2113,0.15077709248253177,-0.00230979852556225
2114,0.018869073657007338,-0.0023634303016180657
2115,0.18288368967101776,-0.002313324167181433
2116,-0.0675891515998886,-0.0019361471385818641
2117,0.12894397340460875,-0.000964799106109365
2118,-0.18835635618929106,-0.0012676633909403045
2119,-0.003598747864958159,-0.0012750588058578925
2120,-0.1265526905784595,-0.001756246664787121
2121,-0.3315435686109162,-0.002194434158458094
2122,0.044592265380808946,-0.0018345074554070742
2123,0.17159785250502846,-0.0016155310425578898
2124,0.18931922705601859,-0.0010461621896281908
2125,0.06098493784532334,-0.001075883176800092
2126,0.06108065564993698,-0.0004546645685905586
2127,-0.009059622116269546,-0.0003758525428561519
2128,0.09916549855437584,-0.0005094050276994793
2129,0.089457202327529,-0.00036306440738719735
2130,-0.17252064941932116,-0.00013663280225932207
2131,0.21104275603749428,-7.776561132850774e-05
2132,-0.15580114374273707,-0.0003711310728939258
2133,-0.42072677439514355,-0.0016104063498534288
2134,0.23118566737692706,-0.00046633965078597055
2135,0.041962279945698594,-0.0003927378853319465
2136,-0.08937180196163935,-0.0008432591179993093
2137,-0.0280404045993781,-0.0008834133919085916
2138,-0.04839994976024329,-0.0011681151344179708
2139,0.005116448361844619,-0.0013613624695934991
2140,0.1396279455383236,-0.0010313861238477608
2141,0.1765449848250616,-0.00034709052588834707
2142,0.2939717859459025,0.0001427793594587591
2143,0.06602032713720753,0.000250299663351617
2144,0.12221128601273434,0.00056934032767692
2145,-0.18286046069352516,2.5785677570808686e-05
2146,0.028179646483441973,0.00017984423953756008
2147,-0.27466204247419346,-0.0006814656950852654
2148,0.07033749355892152,9.076164785087187e-05
2149,0.06574739498524561,0.0001404490549126891
2150,0.1572626929458528,6.723623919647986e-05
2151,0.10395211486420249,0.00020286705231657855
2152,0.05918362458632208,0.0004163919345820155
2153,0.0967172655535322,0.0007719158937120942
2154,-0.0742918488845457,0.0006124033572418412
2155,0.1784885017423993,0.0013275097632631835
2156,0.17631060462311865,0.0014223247033097227
2157,-0.1608467995654925,0.0012066283023453052
2158,0.1274478821906953,0.0010413787015456676
2159,-0.16986897647801186,0.0008632782109607853
2160,0.3111817216864161,0.001202806868621273
2161,0.21433794563165817,0.0011887350316871958
2162,-0.006840579407328924,0.0012661094628801744
2163,-0.11775483038630355,0.0012052082027765225
2164,-0.07652974567373187,0.0009250331959157563
2165,0.041182673999797796,0.0007533760940622875
2166,0.09475355317295399,0.0005424724101603805
2167,-0.126072278158817,0.00031007636849271627
2168,0.08881915743883999,0.0006768495712380186
2169,0.05791533807084852,0.0005659991100095494
2170,-0.22360379469469624,-0.0002471739121043665
2171,-0.1727377121411192,-0.0006755144439089675
2172,0.08744404475964539,-0.0007664868486529906
2173,0.14490933594322303,-0.0006489008316076109
2174,0.01862612629309078,-0.00026332707265715405
2175,0.17535700897169168,-0.0004753374891975779
2176,0.1677638128355773,-0.0005893072339310216
2177,-0.06498220519603588,-0.00037288015664807284
2178,-0.1163258486990924,-0.0007151350648831211
2179,0.055982198957800426,-0.0008617916945689632
2180,0.201896552288858,-0.0009639986596875127
2181,0.06198687409431355,-0.001042072259787454
2182,0.019677148130043638,-0.0014687084793750934
2183,0.05534649638702893,-0.0011028757397283748
2184,0.28431898228645697,-0.0008529767563610323
2185,-0.12210042999349895,-0.0010718613239130302
2186,0.16105264190624932,-0.00018011829940662428
2187,-0.006309421260879262,-0.00047653155351018184
2188,0.10226387361539312,-0.0006075321232640041
2189,0.1279578466697446,-0.0002816065116934617
2190,0.19050576608996297,-7.075588883304634e-05
2191,0.1288843716980234,0.0001349175447076242
2192,-0.10657004010134918,0.00011058993538901896
2193,0.06410380304330668,0.0002842083844614786
2194,0.16458143455005372,0.0011105592911916146
2195,-0.04054664034127818,0.0011923507409273557
2196,-0.21687139400559088,0.0016790255368957178
2197,0.1676718704243868,0.0017512031994798775
2198,0.017469521542766955,0.0016478120467005395
2199,0.16338533019873513,0.001738057981399459
2200,-0.20269028104564674,0.0015715260324879708
2201,0.034840873388379226,0.0012798491363554703
2202,-0.2513571590568203,0.0008043679693448255
2203,0.11440884120896903,0.0011724320319901431
2204,-0.08730019448304435,0.0009110343780285212
2205,0.08555023580046907,0.00130774645205297
2206,0.14751926679076602,0.0011914341488889005
2207,0.006331748986894851,0.000809668213110801
2208,-0.1807092585601084,0.0002556697967863162
2209,-0.08538892715789194,-0.0005189158958050817
2210,0.04834327033892815,-0.0006351140388758025
2211,0.1255514013867239,-3.104538680564112e-05
2212,0.2122073733421663,0.0003393154639974004
2213,0.10777000727078957,0.000917854381916491
2214,0.034712816802954564,0.0009112644649833696
2215,0.04466871151443014,0.0008379301924787706
2216,0.03710107668723752,0.001166411458379383
2217,0.099798183142042,0.0012405019101370228
2218,0.017720250867101387,0.0009888767823497183
2219,0.0005504031197185646,0.0008929633453979613
2220,-0.01721425967977471,0.0013111701974897493
2221,0.09131992649837747,0.001560178992171094
2222,-0.13416591274033027,0.0011801720099668689
2223,-0.15565444577591667,0.000749034427732773
2224,-0.20426379960801594,8.954657308736818e-05
2225,0.1009613959478284,0.0002737236303519105
2226,0.06470286940833989,0.0008830442976855311
2227,0.15567825000065774,0.001645166952174443
2228,0.08180842739707903,0.0021616173119900187
2229,0.14152649307245896,0.002731579281635342
2230,0.10062946124094982,0.0027708416683882805
2231,0.11880460656078978,0.0035772172159254955
2232,0.14773455006567007,0.004256880821619149
2233,0.12875572221076925,0.004282401377578917
2234,-0.03259814115384435,0.004391425162816457
2235,0.01793581617713929,0.004203958785376202
2236,0.139989795344255,0.004727639041436314
2237,0.23708072795017437,0.0050637244741748464
2238,0.16651890341569361,0.00532465329236225
2239,-0.21678090643485495,0.004418015157835107
2240,-0.07960014460958059,0.004494033256444982
2241,-0.09668039735266189,0.004222399277225399
2242,0.1228593823685977,0.0049873233674077415
2243,0.21563759014516576,0.005215734274123904
2244,0.046712529750817286,0.005315777545292563
2245,-0.1370059421352215,0.005073522819116835
2246,0.10787245050814213,0.004982501439479174
2247,-0.14134782074378624,0.0044099639400492375
2248,-0.09225893403641426,0.0039014731452401362
2249,0.0762360942630215,0.003906652852521669
2250,0.060638047618963395,0.003768257927094563
2251,0.13993263685804172,0.0037242240975435725
2252,0.1136818054903436,0.0033963687824319832
2253,0.07935570597213154,0.004104038108316699
2254,-0.2049163973291194,0.0035196598457344864
2255,0.08703779682815004,0.0034101756046665955
2256,0.17705148760392272,0.003973277480242499
2257,0.05946342696357573,0.0037533643622980834
2258,0.03253835121766036,0.003481526889213753
2259,0.1779327372247939,0.00396393868183109
2260,0.028421644904740518,0.004064893583621884
2261,-0.013719531247053766,0.0038082981409752197
2262,0.1047015478241218,0.0036424111044277892
2263,0.12548623176338666,0.004521822826171221
2264,0.013750578689011531,0.004780416553309073
2265,0.2543106577311226,0.005122473259043903
2266,0.10076791754459075,0.005214222908085837
2267,0.22493370994407558,0.005958136352489896
2268,-0.0915087093578559,0.005822813466945994
2269,-0.0229538484907928,0.00588974447887649
2270,-0.08770045932893553,0.005434836261627143
2271,0.05902745838217239,0.00521054201859634
2272,-0.06539529005813899,0.005064250162160209
2273,0.24488551405555647,0.005414418883156956
2274,0.05741117887868146,0.005194262980863428
2275,-0.13874003655870087,0.0049684585176981875
2276,0.09253087673311292,0.005770418108533297
2277,0.3530139002243007,0.0069388322942101986
2278,0.008776210943040123,0.007474555503026194
2279,0.06070658305529716,0.008081953392394002
2280,-0.083306931254534,0.0082306947360014
2281,-0.08014880973436034,0.008677909762212065
2282,0.16851885059340702,0.009225890785084886
2283,-0.19287903547287355,0.008698562638386156
2284,0.029580021205351748,0.008565951966888556
2285,0.17436463625530843,0.008873799729181312
2286,-0.1414570252711518,0.008647361791598364
2287,0.16315651089915012,0.008697753422583823
2288,0.004638419746117978,0.008413911824423087
2289,0.11578180420062269,0.008316303999489676
2290,0.13823130330303254,0.008555103301289085
2291,0.0959627731496856,0.008610486043069151
2292,0.09260051338055944,0.009436183245494539
2293,0.16144039336103688,0.010130201558564153
2294,-0.1282053188365157,0.010074070154115313
2295,0.10043933871377796,0.010572151418785524
2296,-0.04597500927720302,0.010716853730720309
2297,0.07868730193192985,0.010504162585138853
2298,-0.057385035670930624,0.009896200028899587
2299,-0.11957726453155793,0.00966600343811874
2300,0.05971683206829055,0.010151257596267954
2301,-0.37480372580469373,0.010153171852715718
2302,-0.18324163728704154,0.00956034779176805
2303,-0.007397184458269885,0.009395462764634582
2304,0.1459484853039093,0.00978089093928899
2305,0.21244883354040547,0.010537708858972239
2306,0.17940025406075705,0.011287800488133616
2307,0.06200757295901954,0.011244862442645463
2308,0.05069410736477343,0.01098570427637066
2309,0.17381768780157208,0.011175242547483089
2310,0.010859937458318696,0.011484761881569121
2311,-0.11863288039554115,0.011010834078230764
2312,0.051654965091555614,0.011016451699819527
2313,0.09344920741299198,0.01143849153178401
2314,0.020017374332029512,0.0114518829059385
2315,0.08934954409272126,0.0117072840874314
2316,-0.12165158221233174,0.011129337933518415
2317,0.23008854758831399,0.011327629507592345
2318,0.18905022438734242,0.011574001267319155
2319,-0.2331782457139671,0.010801539421651355
2320,-0.2570270436158078,0.010085190096501917
2321,0.1450107262662235,0.009923097416778503
2322,-0.14012255296363027,0.010449678319864486
2323,0.1511335791823361,0.01036502409640214
2324,0.19597350299538902,0.011319224244269628
2325,0.041063270292078485,0.011876579175420636
2326,0.025780520396184316,0.012126735807185067
2327,0.13207013219229358,0.012857484304199607
2328,0.22523032926529274,0.01373780048183046
2329,0.03543466715252405,0.013768465991001845
2330,-0.15594669732517769,0.013373937006287275
2331,-0.20311034298899583,0.012572730247513169
2332,0.20084117061892856,0.013359025004239921
2333,0.14474486640516357,0.013335739515493581
2334,-0.2777123671744093,0.012820842020017771
2335,-0.14231584235643285,0.012421731409575426
2336,0.05827015016572655,0.012100077545936448
2337,-0.03548394864827619,0.011924610843701998
2338,-0.2505214972883644,0.011175270060029184
2339,-0.3288885989661653,0.010255763416563871
2340,-0.04465788599646702,0.009436124878234359
2341,-0.05070977008710084,0.009472979513165045
2342,0.12652576169982246,0.009614514201405001
2343,0.08677292976338569,0.010660644207783591
2344,0.10826559467634995,0.010607629532397902
2345,0.12509449281805127,0.010475021011279477
2346,0.04078862264151713,0.010280470465945253
2347,-0.21942718933667255,0.010261608440403653
2348,0.058718375580853036,0.010210938018555866
2349,-0.23260660035341255,0.009639435231613274
2350,-0.06815607807390114,0.009314510165955423
2351,0.24222314146814372,0.009557171624606398
2352,0.14235082275586564,0.009492613217322438
2353,0.060939977250943064,0.009666935326136543
2354,0.0969634350181878,0.009433727693923338
2355,0.047358430732471674,0.009490119108091857
2356,0.15284164818935372,0.009440151187852809
2357,0.0353050101909074,0.009992674228544303
2358,0.031177756788191124,0.009825403828824852
2359,-0.005666411461537395,0.009834806263672287
2360,0.0741200058165369,0.009975618999892789
2361,0.0003595275218320794,0.010131523706388068
2362,0.10241828786682662,0.010648105855194802
2363,-0.2188676649058118,0.010054014983430688
2364,-0.11303496134511119,0.01041582478764086
2365,-0.03998299645309754,0.01027939041221861
2366,-0.10672594726604966,0.010716395279407844
2367,0.15837812753858246,0.01148006885798514
2368,0.020711970949969644,0.012438075793756036
2369,-0.11170884423610605,0.012569807816663526
2370,0.08246947912104194,0.012390968374562826
2371,0.0979272404785442,0.012946226441751918
2372,-0.06144457539192516,0.012522169061406553
2373,0.2663156823618083,0.013421909661589715
2374,-0.22490822280053657,0.01313086094687056
2375,-0.020413095898669235,0.013359644763150292
2376,-0.11155874548555354,0.013034157810967995
2377,-0.006340441292680993,0.013094028569003028
2378,-0.37745102572098116,0.01188542458250859
2379,-0.027088381314665233,0.011728238332281895
2380,0.06444646998061589,0.012406006371813163
2381,0.060241556066985044,0.012682593964813171
2382,-0.11279622786991268,0.012274046326510255
2383,-0.3706688017597388,0.011136631121376602
2384,0.1080733153230411,0.011682817323079655
2385,-0.33112286012230807,0.010664253443038457
2386,-0.09629585671314243,0.01035945730924981
2387,0.11200826404114886,0.010582481250080041
2388,-0.06504907788178307,0.010863221005463237
2389,0.23015286993602324,0.01115499632062014
2390,0.20204820705591497,0.011060825496898963
2391,0.13254382031744877,0.010969883558195224
2392,0.15804615997052662,0.010950362926511449
2393,0.04797523076658182,0.0108382526393139
2394,-0.20429611246870305,0.010047132175993328
2395,-0.12299226006834582,0.0092247376312058
2396,0.11893234233280225,0.009683755202625646
2397,0.08392734910791474,0.010024184864134991
2398,0.13928365747428548,0.010088855437279552
2399,-0.1836425441491015,0.009662168531146566
2400,0.1023135466624239,0.010517364757416756
2401,0.09977660219060905,0.011029480550954098
2402,0.03988359520020904,0.011101021238371771
2403,-0.06046273356045686,0.010968300980583632
2404,0.23851596259216756,0.011290018300047713
2405,-0.1664066301829476,0.010918560486489945
2406,0.08194539759510852,0.01115586681069428
2407,0.10154747841976505,0.011466512179280231
2408,-0.11937424731438216,0.011486073422540936
2409,0.15036545223949777,0.011900615359726224
2410,-0.0594466144661253,0.011663061424738502
2411,-0.056545876790320776,0.011107204292573699
2412,0.1558360715511566,0.011216948835211923
2413,-0.1979026547681411,0.010768761494997508
2414,0.007053743861818243,0.011103584523197067
2415,0.001205721825531447,0.011820366247023557
2416,0.030984207756545968,0.01198449390479724
2417,0.07402555400059743,0.012312597148775872
2418,0.08890106051759228,0.012088190301486904
2419,-0.277396485322861,0.011411582586390174
2420,0.05908549198105105,0.011376203964261837
2421,0.039847142472607226,0.011466059566821405
2422,0.1486198469011214,0.01138088005585408
2423,-0.09749364814268628,0.011258726391739967
2424,-0.1775310538643355,0.01079098979874266
2425,-0.2528037243275112,0.009719908540386403
2426,0.056120921357264,0.009978861209274627
2427,-0.0819539499657899,0.010620747412634475
2428,-0.19714306034102597,0.010002748914422767
2429,0.13911344485130914,0.01078426118513683
2430,-0.058409770031086564,0.010948356296913436
2431,0.07438210646507612,0.010949127579126475
2432,0.2201418199909866,0.01159102259339497
2433,0.22301519455625657,0.012826810532150651
2434,0.04778988455310809,0.013304704144324823
2435,0.007917221663744756,0.013069457971908963
2436,0.11204902114784944,0.01280130416506298
2437,0.006420764396980055,0.012615369136926
2438,-0.039438889725928204,0.012522664724438321
2439,0.20073368971325337,0.012782751568189641
2440,-0.1542958524118862,0.012551519132939677
2441,0.010605224706977827,0.012578409304872255
2442,0.06055866457613946,0.013093523138537042
2443,-0.035445832805270534,0.012781138484344945
2444,0.14224339695755428,0.013090436512888671
2445,0.017799180929544342,0.01358983958385779
2446,-0.025972273165073702,0.014005951587412196
2447,-0.21302115334552377,0.013768077739678504
2448,0.11578365614531781,0.014026651868278521
2449,0.1739794214317356,0.014336569301289778
2450,-0.22651003562929298,0.013494469161677998
2451,-0.21136696112420583,0.012588524169135367
2452,0.13785618906205288,0.012741779327777324
2453,-0.09991972327560909,0.012900416674971719
2454,0.015758925019445296,0.013296854447397774
2455,-0.13720337182414902,0.01339064797683522
2456,0.13748727781551096,0.013688023866521582
2457,0.07816716019889995,0.01362395344067917
2458,0.1668894226053573,0.013945296736757793
2459,-0.13451281473735685,0.014389554443272475
2460,0.09481811823129789,0.014419661153576364
2461,0.011034944006759726,0.014253934399321525
2462,0.16455546844631816,0.014331937969197715
2463,0.14122442364958884,0.014589153743486011
2464,0.059728650211070516,0.014346017273144173
2465,0.01994696713359225,0.014481646656111761
2466,0.19009296433910938,0.014646019355133391
2467,0.1768439405955983,0.014490780849544567
2468,-0.01097795167380997,0.014709924233986878
2469,0.19696197082189504,0.01569811895254451
2470,-0.10472946281475343,0.015268500691225682
2471,-0.09683291794984972,0.014802814659238571
2472,0.10532758907484141,0.014784287300426855
2473,-0.06501343883935576,0.014514214393859862
2474,0.09434579644586454,0.014587907445211226
2475,-0.013563728821823277,0.014279294841834182
2476,0.05238479217583187,0.014146690063058054
2477,0.17226097007360208,0.014946348775837504
2478,-0.33631908813720285,0.01421711760168259
2479,0.031203222378580295,0.014984484049459016
2480,0.03643787140901421,0.015523455126058723
2481,-0.2927820534054099,0.014765420691295194
2482,-0.016964104593601974,0.014927748891618419
2483,-0.22113585754977433,0.015079855328409704
2484,0.11618269672280895,0.015574177217914317
2485,0.11010085410257398,0.016360211038937103
2486,0.16257167694498129,0.01634293277349969
2487,-0.24864695680205992,0.015581996191203092
2488,0.03829117998134284,0.01561575335264544
2489,0.12168229134827291,0.015718073462648353
2490,-0.12299780051559014,0.015754254262141075
2491,-0.005831509139998548,0.015636532959532545
2492,0.056025613101215455,0.016031012107818314
2493,0.0550827211275207,0.016414893791625754
2494,-0.10071649804674992,0.016290788140514465
2495,0.101012548557576,0.016090410850249974
2496,-0.032882113773603124,0.015785526977313533
2497,0.07547015204083045,0.01577993246451548
2498,0.1142672855318119,0.0162785416769107
2499,0.021689052871503144,0.016186074527948183
2500,-0.1196268364434706,0.015618692536193239
2501,-0.04315275295988965,0.01526850879188028
2502,0.1812650625955585,0.01539924056098996
2503,0.17299800074266444,0.016048584396577498
2504,0.051903500663389654,0.016495599941057173
2505,-0.08770975819548989,0.016489187725099896
2506,0.10132934783589713,0.01637200132455469
2507,0.05697317541840715,0.01695116485349263
2508,0.04533602127401774,0.017217214387500398
2509,-0.0420554537489381,0.016980654884083853
2510,0.09241641701003808,0.017280691838522034
2511,0.04982567051110084,0.01728014423595301
2512,-0.23902896306624805,0.01665826072510693
2513,0.1458960644430852,0.017213210714308057
2514,0.10341432138182095,0.017043791013191527
2515,0.08727655969208242,0.01758478779147663
2516,0.10487086759824092,0.01762807387129491
2517,0.06240697167493983,0.01734843810534397
2518,0.11458051863571858,0.017480502234712522
2519,0.11455171082253321,0.017621507047863555
2520,0.10106289521743396,0.01781172480218423
2521,0.09817033607002193,0.018585176402669976
2522,0.13391050323099657,0.019291693311495474
2523,0.015150742227212532,0.01902932165815959
2524,0.2566943478210518,0.019450436096303127
2525,0.15593590079445818,0.019425637546399886
2526,0.12954308086588917,0.01960023732119484
2527,-0.08455027894173717,0.019571976820970515
2528,-0.23644732699325552,0.019373918089241264
2529,0.08850932214040476,0.01934387102988494
2530,0.10786653501885052,0.01949003584200654
2531,-0.10266458416886505,0.019375903656120918
2532,0.19847363945033014,0.0198876216991166
2533,-0.01120726207340229,0.020279567677614182
2534,0.14056238805475882,0.020909874282716463
2535,-0.24559022915437104,0.02059627443648657
2536,0.14160447521018685,0.020625223640298118
2537,-0.3356687173865418,0.020094033493193223
2538,0.16382163014829385,0.020647280122463977
2539,-0.08408498622399847,0.020177146330654264
2540,-0.1266150585456299,0.019686516475817067
2541,0.14126152318870933,0.019915893220603418
2542,0.04542324019982493,0.020201527436478288
2543,0.058164947360348704,0.020835393562866122
2544,-0.01520402659684331,0.020570406929352924
2545,-0.1481208342419921,0.020009588466369865
2546,-0.16489941714423562,0.01957029114394138
2547,-0.0438916044898157,0.01923103219965167
2548,0.10711004456664701,0.019241805926966095
2549,0.1455805548294672,0.019684177851659296
2550,-0.1872867642234744,0.018940655104234275
2551,-0.030682825554065422,0.01870316141824581
2552,-0.05442424979534516,0.018399128111055724
2553,0.09453038456940047,0.018646476906194042
2554,0.07965063173456083,0.019184147415322993
2555,0.09512381268774661,0.01925408307642521
2556,-0.06800318191945393,0.01881768388680809
2557,0.12541890317834495,0.019034659510700352
2558,-0.24124375998882755,0.018226452937888788
2559,-0.2913631461072217,0.018054418995648445
2560,0.06835163598394282,0.018806524222705723
2561,-0.11366006999614664,0.018290534092460082
2562,0.04057440234069579,0.01817409887676682
2563,0.130451126219842,0.01829537486493591
2564,0.14597645317149888,0.01914831460563767
2565,0.039993546657062486,0.019586219965734047
2566,-0.06254753609162741,0.01967102507583231
2567,-0.06704328863092689,0.01936803946891173
2568,-0.04094263017685039,0.018955377081366683
2569,-0.22815537826429902,0.01844972100059035
2570,0.23526851394286893,0.018835965529397432
2571,0.09926165397012651,0.0191224196521904
2572,-0.08576484523332636,0.018531250220505547
2573,0.054498353591159454,0.018655295201314908
2574,-0.1254895185621492,0.018123781749778557
2575,0.06939794783876035,0.018383014367195274
2576,-0.08845002010261598,0.01813904310236177
2577,-0.020706770829691943,0.018140362803527182
2578,0.12257893244492418,0.018677039896064115
2579,0.1520806289722746,0.018561939950581266
2580,-0.17890714667709184,0.018558613953907097
2581,-0.05061547105937332,0.01840703545168925
2582,0.04327381142403564,0.018344299245642737
2583,-0.18307868083368584,0.017997484330245637
2584,-0.04513664727496457,0.01755627604027899
2585,0.009426194138963367,0.017280258409313413
2586,-0.11915133618078252,0.017557314841194053
2587,0.08258226611615306,0.01783998908104184
2588,0.037205010847407925,0.017700427738395426
2589,0.07278083935853466,0.017624618152604223
2590,-0.20201704807816503,0.01769862329117932
2591,0.07095294382352349,0.018077308254172038
2592,-0.19243994342630233,0.018063197024022898
2593,0.09496759398716928,0.017805957719703155
2594,-0.2855500653819693,0.01737219412740356
2595,0.011431094379479905,0.017228707508076025
2596,0.08663410873663928,0.017210822238157997
2597,-0.037955175098174816,0.017278294935134657
2598,-0.1352961187261894,0.01690949700692678
2599,0.09942105444667684,0.01769327339450002
2600,-0.07412019525072912,0.017824461030833027
2601,0.13102979436237583,0.01803658398203883
2602,-0.08672786443377391,0.017618378174722987
2603,0.01601929896446535,0.01754538669283035
2604,0.21038495298934612,0.01827340425548245
2605,-0.16591302541712383,0.01786622775729501
2606,0.0661723625924612,0.017911952194532375
2607,0.11609095714003685,0.017918671129367753
2608,0.09422767712927584,0.018801785268280448
2609,-0.07598148545542727,0.018440422989179632
2610,-0.16257361268486537,0.018515345452298302
2611,-0.15717465614484438,0.017890349406156927
2612,0.07198856379925962,0.017793753449532556
2613,0.11617078087791495,0.01772454082632332
2614,0.1393593704466179,0.017965521419902545
2615,-0.03279554618860491,0.0175341629481833
2616,0.06601402926037729,0.01780136930990383
2617,0.2604676680523081,0.01806441669919923
2618,-0.054474881564391384,0.018332179648449028
2619,0.19353237030368084,0.018726441884786303
2620,0.17995350355816772,0.019339454273059564
2621,-0.06925136193943462,0.019864038686402526
2622,-0.1928480472169011,0.019389158061207102
2623,-0.01733498059752766,0.019011292395001992
2624,-0.10161979544829675,0.018429414349993362
2625,0.032140614342308096,0.01837172570298733
2626,0.025738762887254768,0.018301041917461965
2627,-0.054030486440975294,0.018211100188812553
2628,0.07736164592764835,0.018167492483559103
2629,-0.17455651546004886,0.017639465047983943
2630,0.15311153145775763,0.018290729409738103
2631,-0.1797573428396725,0.017509129211983766
2632,-0.01742239521979495,0.01778588670902965
2633,0.038781323522486894,0.01870490290486491
2634,0.21186476693859826,0.018666261103988255
2635,0.12511377701514179,0.018832564098127145
2636,0.10329756174691039,0.019217902825544243
2637,0.04198838100768283,0.019357960396758363
2638,0.05649219845049072,0.01956774469317983
2639,0.08731079386272682,0.019732133384181595
2640,-0.07392913635038831,0.01930501922040417
2641,0.058967291118753824,0.019069863832991557
2642,-0.24040120004958856,0.018001117861000573
2643,0.10985125073495663,0.01808877970819607
2644,-0.16726347822437715,0.01750983017972185
2645,0.10316819244655581,0.01808188748600201
2646,-0.13044804138676222,0.017764632110261604
2647,0.17186903289898975,0.018657694261007968
2648,-0.2947080429010386,0.01792760318808805
2649,0.03845650410676783,0.017873021406331093
2650,0.07697710510477784,0.017712450230648945
2651,-0.08314866212578596,0.017338248676668964
2652,0.018484256982703076,0.017256849941461726
2653,0.09647930612517533,0.017256374022605013
2654,-0.12961806416509944,0.017145721592043906
2655,-0.18591929398004867,0.01641690600059901
2656,-0.35362555933273265,0.015357033672687308
2657,-0.055284493827653845,0.015568158284162985
2658,-0.3083774959029425,0.014696507527975711
2659,-0.1068220704801934,0.014822601339971347
2660,-0.1656199747228892,0.013868997947152737
2661,0.04358608739811017,0.01352749423068564
2662,0.16860629815632222,0.013878387985812944
2663,0.16143421597123525,0.01443676607852802
2664,-0.11345976016187258,0.01436290604955174
2665,-0.06065430224237769,0.014159232097067388
2666,0.17938570345653634,0.014328496397634552
2667,-0.1322030400675531,0.01431623487381708
2668,0.13438030675588247,0.014407357172451165
2669,-0.1665146067481412,0.013958497282813186
2670,0.11379465524555406,0.014633294182693686
2671,-0.1258190227323503,0.014727131561511226
2672,-0.06959328704180065,0.014413056897908333
2673,0.13339082467805907,0.014390019875378003
2674,-0.005824030624274994,0.014341119561543273
2675,-0.10651001128785753,0.013777385521024175
2676,0.16383237170190895,0.013769522638756838
2677,-0.034422437282770335,0.01383064217458337
2678,-0.1080460805043656,0.013847201710972822
2679,0.08395522662211047,0.013903147766301444
2680,-0.0017619363186299319,0.013495830789086467
2681,0.07087520572849339,0.013513607452354826
2682,0.062150958903183916,0.01359855507390111
2683,0.10903241801279565,0.01370592691715264
2684,-0.3170061238184912,0.012503276704942745
2685,0.13896929881324754,0.013025416162556237
2686,0.08560231529256207,0.012874515509328862
2687,0.058800461047842104,0.013004735273946307
2688,-0.1487401828788881,0.012502727160957744
2689,0.07841391828745867,0.01240363930419317
2690,0.02214669977884854,0.012066921171570941
2691,-0.12839966800342661,0.011552353092168042
2692,0.10768668778234089,0.011980866547935422
2693,-0.18406246853987235,0.011484534004769065
2694,0.16225581075135648,0.011479882757171671
2695,-0.2635737205325626,0.011033828596789102
2696,0.11552632031260396,0.011698624025425491
2697,0.1605404897429634,0.011684361264062642
2698,-0.06083807420167539,0.01152774607257376
2699,-0.045914151613305795,0.011109147108949677
2700,0.10439380177327716,0.011723315274587524
2701,-0.10105095002058075,0.011451531627769606
2702,-0.35247011082056484,0.011249305724242117
2703,0.08939269365452322,0.011199273429133223
2704,0.09441213425787638,0.011562698086615066
2705,0.05668741207367621,0.011504972439161478
2706,-0.007833951108668974,0.01119426600336261
2707,-0.2655410225090975,0.010650520460370625
2708,0.14026435011181163,0.011292467677714467
2709,0.018403000134349375,0.011500051532298949
2710,-0.06948940325947028,0.011264386185102152
2711,-0.11923248361384062,0.010774818415101022
2712,-0.152141486042674,0.010046120696331342
2713,0.08298360365072285,0.009996547889091208
2714,-0.09265934925649652,0.009741803556972305
2715,-0.12656641315240919,0.009399333307638627
2716,-0.11811636742616038,0.009088898419411831
2717,-0.07398482661690337,0.008741332399893942
2718,0.23764693582300406,0.009181185769805747
2719,0.14364975896078563,0.009467384481487881
2720,0.10466764839486956,0.00971114829763717
2721,0.10911011396369966,0.009746728672567812
2722,0.009217792357023566,0.010033496082762522
2723,-0.21654180763563008,0.009911721359043096
2724,0.030092952187352612,0.01038043486263383
2725,-0.3335880976145909,0.009511335875508993
2726,-0.028804977478729586,0.009324320181734855
2727,-0.3060571009522114,0.008400849479829116
2728,-0.049328740749335874,0.008138575143536284
2729,-0.046911699236524634,0.007761698758918318
2730,-0.0045571514433807355,0.007551325533549658
2731,-0.13526187865463457,0.007043192563118809
2732,0.2171568525290758,0.0071820371680456204
2733,0.10920561862489411,0.00714293696087387
2734,0.15536168165120132,0.007518856606483961
2735,-0.0197602818476165,0.00744346441043445
2736,0.059248682262131085,0.007281982184270202
2737,-0.16673652481138304,0.006474347678747086
2738,0.06543144831752817,0.006272172768550756
2739,-0.13362011980123287,0.0064384943418180005
2740,-0.23123992452513378,0.006135214781986894
2741,0.20765471908317754,0.0067438850148585725
2742,0.0005674278481797804,0.006499301105817736
2743,0.05118665410102856,0.006170399233729462
2744,-0.03336646669248037,0.006010241240842867
2745,-0.3071961486886471,0.0056698608277360165
2746,0.056742581883374256,0.0055676010904864804
2747,0.062231371420330445,0.005974759474814713
2748,0.11757191099585038,0.006394421164879243
2749,-0.03992767308027891,0.0061620936301926416
2750,-0.15478067612342516,0.005731256182707865
2751,0.17844998947364163,0.005808290887939065
2752,-0.2660759072365757,0.0050487754624852265
2753,-0.03641973809051474,0.004817224574359933
2754,0.1831598091162471,0.005593376987250667
2755,-0.31870700827685966,0.004781887377040647
2756,0.06824436962233289,0.004564273141077468
2757,0.18009391361070032,0.004805534114371716
2758,-0.18758575508630718,0.004365285901763782
2759,-0.1168459814733833,0.0037757284643674277
2760,-0.10624382283372236,0.0035063975288905013
2761,-0.07709348739770712,0.0033796496165891944
2762,0.20947855451449374,0.003589203629969938
2763,-0.2558981564680784,0.002826434853507008
2764,-0.21258500282997972,0.002373763690469026
2765,-0.06716273544500308,0.0017308169041167748
2766,0.20192060781598548,0.001933122284659564
2767,0.0788536158425102,0.0016409620964564333
2768,0.05626814201576998,0.0019365157992036852
2769,-0.14436913044437763,0.0016936852352965152
2770,-0.030058515282709777,0.001808969123388967
2771,-0.27872708636355614,0.0011334600338975098
2772,-0.0007749771853941744,0.0012627006596429996
2773,0.04362597092961762,0.0008601815733911218
2774,-0.13479508466638793,0.0004757690463009829
2775,-0.3038141947769791,0.00014562072986442652
2776,0.06718514099439851,9.492925838699772e-05
2777,-0.16826764731178642,-0.0009476338366851765
2778,-0.27462892191935423,-0.001514444102409965
2779,0.16471673874774792,-0.0013064237910250637
2780,0.07073641261458835,-0.000998337103286819
2781,0.05637400204934152,-0.0007252914797194152
2782,0.15474958359069443,-0.0007528300137248404
2783,0.15027385772483232,-6.652422732942875e-05
2784,-0.35681988217724603,-0.0008393240340946243
2785,0.11701460193106233,-0.0009540241027431166
2786,0.1752683883632353,-0.0003205732754743423
2787,0.0226064822049001,-0.0006016733328628424
2788,0.14961588431782682,-0.0003117184037194246
2789,0.019632229175048067,-0.0005040175537705738
2790,-0.1404914865518483,-0.0010614631334803354
2791,-0.026165023826730915,-0.0013057187274331686
2792,-0.2584837355288343,-0.002007887225251956
2793,-0.19182543850217287,-0.0027144188889783754
2794,0.17419216172691845,-0.002109623927851507
2795,0.08196475499449285,-0.0021465730952900776
2796,0.028408585021714845,-0.0019978059066922418
2797,-0.12200640696420673,-0.002399193324484515
2798,0.047901704021685615,-0.0021886198450992824
2799,-0.04686768642925307,-0.0020432006888946724
2800,0.1346208559353908,-0.0018933926411604722
2801,0.1351888080160849,-0.0008734075735189148
2802,0.12794832286048805,-0.00025102765322385567
2803,-0.1645836876595309,-0.0005654006596263778
2804,0.09657600787522831,-0.0006641456144837398
2805,-0.19763801444560178,-0.0014843193104557542
2806,0.08196812107876547,-0.0016791835764197374
2807,0.04998208057287853,-0.0017032345611920194
2808,-0.01951118266095638,-0.001843645141243479
2809,-0.14656712055026394,-0.002484414757947151
2810,0.027363342091679482,-0.0024514079486804294
2811,0.036838077017406726,-0.0021404660338545335
2812,0.013912909394965483,-0.0022159501452477135
2813,-0.24564687470074614,-0.0028941423094751904
2814,0.13101890695089163,-0.0026721392442374658
2815,0.23216490185485256,-0.0023865085287132037
2816,-0.014598598611317126,-0.0021724025615111743
2817,-0.1650721432960171,-0.0029627239432798366
2818,-0.18723540981985554,-0.003715295211694232
2819,-0.16313210935428835,-0.003575202938974875
2820,0.06784884588298078,-0.002925451159977298
2821,0.09662915982948676,-0.003022214292850771
2822,0.019890632757660055,-0.0027021879214081906
2823,-0.027291883121125883,-0.003059038846015114
2824,-0.02688451426297911,-0.0035047548805318507
2825,0.0904600527130162,-0.003405961315689975
2826,0.09831656834525204,-0.00326088921979184
2827,0.12267012235548161,-0.0032796892394654636
2828,0.14950499796850686,-0.003431139902059035
2829,-0.14723021164929948,-0.0037964696596626823
2830,0.08409858980371199,-0.003316379085404903
2831,-0.01874685508432315,-0.0029476521095955577
2832,0.16374951863871987,-0.003021835413555975
2833,-0.1792530644223757,-0.0036698312752110533
2834,-0.08248898537722238,-0.0032793845116166798
2835,-0.3446500178293872,-0.003684052862562589
2836,-0.34048781276365225,-0.0044815687884213464
2837,0.263062917244825,-0.0038844750566351437
2838,0.2354013577414477,-0.0029126293465755195
2839,0.05062222171775019,-0.0021536077052076888
2840,0.027021742071961362,-0.002010248449070832
2841,-0.0026650484957410486,-0.0019141590058881122
2842,0.2642276563542135,-0.0016387552165793298
2843,-0.03097006377001138,-0.001874241203646124
2844,0.17382945508359646,-0.0017431134828316311
2845,0.1006922668403713,-0.0017919179347869912
2846,0.0852289145719255,-0.0017030373509261745
2847,0.1075845174777613,-0.0010490139372973067
2848,0.13635650367104693,-0.0008937376811169189
2849,-0.05968349967640008,-0.000547891479762894
2850,0.24900438243539555,8.642944125569946e-05
2851,0.07067218427536737,-0.0002566724731298533
2852,-0.06790830015892066,-0.000677190718959426
2853,0.008546362411994678,-0.0007819779486373227
2854,-0.026277720380221248,-0.0010284602594341408
2855,0.05423791475230259,-0.0010147012913944789
2856,0.12809783997393584,-0.001064188907825315
2857,-0.07231195376287387,-0.0012794228357328771
2858,-0.1750863356423558,-0.0016919510205939709
2859,0.021089064721391028,-0.0016384400682281143
2860,-0.007307456713824274,-0.0018012949932888365
2861,0.2526012393360062,-0.0012968115696604882
2862,0.18779458694496623,-0.001126058971504209
2863,0.12128498053355445,-0.0004457536806254766
2864,0.08304626837983561,-5.359122117558296e-05
2865,-0.020219040197845817,-1.4063308665079516e-05
2866,0.039852095015550114,0.00027909277589812005
2867,0.11879092540700016,0.00019991837163495541
2868,0.10335989104791418,0.00036521421183084447
2869,-0.26183576898477245,6.496036233351165e-05
2870,0.106849110107456,0.00011371962430633978
2871,-0.09125913985853322,-0.00026465313636781505
2872,0.11909102655893711,9.641806753390947e-05
2873,0.2500473720542672,6.388144691882724e-05
2874,0.22386285530806005,0.0009614236031360205
2875,-0.08872760924800306,0.0008247945764373527
2876,0.1650158470981149,0.0013779437616046897
2877,-0.1853954448538968,0.0010198337544822583
2878,0.05706371111200516,0.0018888632281482307
2879,-0.07374378963061756,0.001795552411516326
2880,0.09759312696990974,0.0018618457254949137
2881,0.11149543430342872,0.0019643534819678015
2882,0.06618597710055625,0.0023223178919087387
2883,-0.03710146409057225,0.002989452567247072
2884,-0.2553688570399634,0.0022625682225210627
2885,0.014239952067905966,0.0029532938469014913
2886,0.04055502244101857,0.0032269956052098136
2887,-0.21543526529180873,0.0025721085465438983
2888,-0.2631356155318919,0.0021759354712436803
2889,0.13678085903137802,0.0019891914494343903
2890,0.023623101800297332,0.0016323412389231543
2891,0.06335394773886438,0.001493961493765986
2892,0.13883364234770207,0.0014555364585203368
2893,0.11772636976443715,0.0015950387365160474
2894,-0.00010101321856021035,0.0020034289350163333
2895,-0.09662218178446914,0.0020561690915840863
2896,-0.0995708574936172,0.0016191626919312477
2897,-0.07978206769548463,0.0012917438583244488
2898,-0.11698985427101777,0.0007791968348338423
2899,0.1100220035812498,0.001366525930294545
2900,0.15004997981498772,0.0014619987965996727
2901,0.09547627836684974,0.0014533981489521536
2902,-0.25377020168609377,0.0008660905551795483
2903,0.007662844154783915,0.00100234171061003
2904,0.16439968448496195,0.0008541091543956186
2905,-0.1742186532426661,0.0008384851082761816
2906,0.21244126423857762,0.0010994768415631198
2907,0.0771627778096868,0.0010507074403429632
2908,0.07039949398180877,0.0014302549229353453
2909,-0.1459538985364563,0.0008376162213834372
2910,-0.046647126632190936,0.0008632151970513058
2911,0.06882491680380633,0.00111395678423956
2912,-0.12800218200810282,0.0005462802771210411
2913,0.04970341257719801,0.0010414924118117193
2914,0.0852620609928588,0.0011979090460738004
2915,0.09511139697562809,0.0013857203963739937
2916,0.10155032114317876,0.0015268526231472593
2917,-0.21247283766825573,0.000953855839809553
2918,-0.15344858317824134,0.0004691565524178859
2919,0.16241745588686568,0.0013487844348373393
2920,0.09035593863008665,0.0014113253281354105
2921,0.066855857685837,0.0014653427585618701
2922,0.1116561952526379,0.001391415455264903
2923,0.1120755142312228,0.0018105537800127212
2924,0.1821068032336642,0.0025298294942087203
2925,0.03640775299610664,0.003108252448855956
2926,0.03701949878539669,0.0030700496037122217
2927,0.1156905424283899,0.0034653385885005813
2928,-0.08395274802228217,0.0036917192131380684
2929,0.14089178885166181,0.003695275901138774
2930,0.11629104710323097,0.004044677535407409
2931,0.0315387800993752,0.003958990882676008
2932,0.2484623415321278,0.00401563192575829
2933,0.1134709941197409,0.0037965435248852584
2934,0.027992824605278504,0.0037569494049895995
2935,-0.020887854669716793,0.003699339252322676
2936,-0.045297840021239405,0.0033846455299844985
2937,-0.021193236242464282,0.00332941752870561
2938,0.14810543971779436,0.003704506187593055
2939,0.12636101976495326,0.0035557608476964545
2940,0.09150127445430922,0.004047355101428845
2941,0.07430947602191527,0.004174763604058721
2942,0.10683657646533984,0.004267319427837122
2943,0.11295085769098161,0.004564112808829625
2944,0.06106836174925853,0.004401762738413035
2945,0.07118177630034513,0.004508527929154636
2946,0.07371610826463604,0.004707904692014055
2947,-0.1248561017386996,0.0048842347952277035
2948,0.19435446919243715,0.005041376421321942
2949,-0.03888035184636926,0.004615656874765732
2950,0.051603226358384116,0.0051718833987410865
2951,0.10483652104972986,0.005804290363088958
2952,0.06853566481232362,0.0056656493145894994
2953,0.06268234339555237,0.005990853447931823
2954,0.16621742239769896,0.006291770442688329
2955,-0.30429028064663555,0.005957596625043356
2956,-0.23720833287367035,0.005208205403664993
2957,0.15087844551226556,0.005353627974291726
2958,0.09672016986004377,0.005213289468801098
2959,-0.17409459179748296,0.005134125914680846
2960,-0.03491329604936217,0.004874663086119526
2961,0.17071906496380265,0.0051940313280336116
2962,-0.10974049780971987,0.004645439395521536
2963,-0.26986818379119976,0.0038232541806399586
2964,-0.1375668540935359,0.0034286631720307453
2965,0.05859162699660553,0.0035059524917567726
2966,-0.05539411859752273,0.003014978325883508
2967,-0.20608769335676566,0.0022491150579787796
2968,-0.0011729883232981936,0.0022687249846798036
2969,-0.2814824946597159,0.0013118360537165816
2970,0.016700652735725584,0.0015546962848175397
2971,-0.030827424096220527,0.001686707272524798
2972,0.09580526899394408,0.0016676626323630032
2973,-0.1182729817439627,0.0015611435465537893
2974,-0.15143644499954045,0.0010695790636629794
2975,0.14930904556046656,0.0013953246124275593
2976,-0.09689812770484878,0.0010967587726661977
2977,0.2079993531345182,0.0011682355387880301
2978,0.04212906314115322,0.0019251318413447422
2979,0.18295079272511838,0.0022286269820378183
2980,0.005922013122652629,0.0021675952654650952
2981,0.023890077064216707,0.0028009395264043486
2982,-0.009805048745739953,0.0028152576381000726
2983,-0.02983385435113119,0.003197861644497359
2984,-0.08583753328484979,0.0027938211844820413
2985,0.03741073486339351,0.00264844094600368
2986,0.09646994289510008,0.002516237477903918
2987,-0.28796116126063437,0.0024376090689867693
2988,-0.004541548146028372,0.0023519436127320266
2989,-0.058090053546325515,0.0019923989229428296
2990,0.12144202724433158,0.002481278578462673
2991,0.12556291102895206,0.0027440674188005743
2992,0.016471361124673057,0.0026649589148474897
2993,-0.1455076943179973,0.002263778083956454
2994,-0.016550672647047446,0.002432109734755859
2995,0.10821119989961145,0.0024465070374399293
2996,0.06275147329108019,0.0026377742115692962
2997,-0.10502723824002026,0.0022767794310075947
2998,-0.021971879544111186,0.0020043011008557487
2999,0.2190189640303428,0.0023989609231734282
3000,-0.01733701847676447,0.00260354055910684
3001,-0.12593844924068887,0.0024379691665452415
3002,0.09493782905019212,0.002265314699454509
3003,0.06386723454620803,0.002047053167061596
3004,-0.1246691211496348,0.0016939079234355471
3005,0.16112842156242613,0.0021915842829513792
3006,0.3065836161633099,0.002602092819606205
3007,0.13398579431142127,0.002756118057392233
3008,-0.04837232675320672,0.0025687013613377844
3009,0.03591274215253279,0.002724637753140726
3010,0.09797625301658078,0.002735757425153811
3011,0.2600338324941532,0.0031561737491199162
3012,0.05452594273458807,0.003743283560721588
3013,0.10257987385222442,0.003656651179539867
3014,0.1082395484151764,0.003666301633606577
3015,-0.08586350474056305,0.003320021504741287
3016,-0.12505669653178803,0.002860166376481229
3017,0.044485011721642,0.0028243224565746333
3018,0.025182264820221522,0.002645525948943639
3019,0.05162577143730776,0.0025196740701731884
3020,-0.07393340923985893,0.0021696814612586026
3021,0.1024163659921351,0.0021781735211028287
3022,-0.058356478206888725,0.001793639558227058
3023,0.16580920741633084,0.0020949564886052945
3024,0.14502592407292794,0.0018716196411090469
3025,-0.16839671012546353,0.0012229544192692034
3026,-0.309110872597461,0.0003456465123425031
3027,0.011348195626767029,0.0005374434614795115
3028,-0.2719798674114387,0.0004663783806431451
3029,0.14877191127139738,0.0005869035589051303
3030,-0.15745828029204528,5.625392828333875e-05
3031,0.2104678230194365,0.0006825187426599419
3032,0.0650508986275954,0.00041567326101447244
3033,-0.08043156437944518,0.00027722465640238656
3034,-0.08614283496624586,-0.00017618578963962274
3035,-0.021291116837663528,0.00027241243499379227
3036,0.012369352814098823,1.3942190201616245e-05
3037,-0.1549181072961808,0.00037544341038233824
3038,0.0595306637438908,0.00016686147757353215
3039,-0.19471428819984682,-5.439712637816452e-05
3040,0.1878747814914763,0.0005745825536960478
3041,0.1880746513300754,0.00066820880997878
3042,0.01880110977354423,0.0006149645491262185
3043,-0.08242960593007992,0.0003337754425453613
3044,-0.13130000664314323,0.00010158348245276144
3045,-0.19697734319354324,3.870464549659169e-06
3046,0.03746224213417998,0.00040859378310649036
3047,0.04572530719002901,0.0005878276064661799
3048,0.0168806462912105,0.00040736880991530677
3049,0.08067295369584804,0.00027755360764806846
3050,-0.12476738750311549,0.00040259236108878627
3051,-0.2451484178038789,-2.6338823410840594e-05
3052,0.1284747300423048,0.0003394591362644593
3053,0.12041151566118546,0.0003912213984480293
3054,-0.09910120019843212,3.3717734582043444e-05
3055,-0.06264242153768407,-0.00028181473386881795
3056,0.09511781382222123,4.4427257614532395e-05
3057,0.06051252283266353,-8.538550307683045e-05
3058,-0.10055327033690019,0.00019599547622702426
3059,0.06880596562584071,0.0009163336996931491
3060,0.12651536856410753,0.0010326611648534786
3061,-0.17163710588068748,0.0009167070930843967
3062,-0.33545876820837695,0.0001646407519862514
3063,-0.04844058019726538,-0.0001931426608479634
3064,-0.007700817623481293,-0.0005004972024379238
3065,0.10680223543944947,-0.0003668798248731498
3066,-0.1315205191186378,-0.0005048257909271705
3067,0.18043723014481672,-9.864753375683267e-06
3068,0.0670053988421253,0.00020603130466226806
3069,0.045380557020606595,0.0007531031752320794
3070,0.11184271875107439,0.0005062515848484902
3071,-0.18927406933657312,-7.081986176490907e-05
3072,0.2746847545938023,0.0006500793378893484
3073,-0.0667703293541326,0.0004075419719987641
3074,-0.2381560608246778,0.00018220888747370694
3075,-0.06410171481767926,-8.479043783917229e-05
3076,0.13213345952085254,0.0003563765214077648
3077,0.10599513208092506,0.0006097803272289988
3078,0.09147839818203102,0.0005475792587032125
3079,0.1095085641993509,0.00046243512915736506
3080,0.10123305018776317,0.001022715522887075
3081,-0.0351095225124941,0.0010537274199808335
3082,-0.0427190810775369,0.0008817416349776884
3083,0.13156611555946846,0.001511031227763997
3084,-0.3068742501045704,0.0009875560221047851
3085,-0.17340613593539367,0.0006218913619560712
3086,-0.2646999006793923,0.0003307942329588517
3087,-0.18788731227573538,-0.00021014492382492522
3088,-0.08715446462422492,-0.0004588638747681909
3089,-0.23458998135743103,-0.0010736055162001224
3090,0.1969793427824233,-0.00027561273447894566
3091,0.0785675803954619,-0.0002603834613350688
3092,0.07461948847485869,0.00027373540246725326
3093,0.12384446777524177,0.0003314891500433982
3094,0.045373818182101226,0.0009933369171715393
3095,0.17147811747080907,0.0013134309633541976
3096,-0.1543076093237664,0.0008315475272333864
3097,0.12024152055176128,0.0011479409185332584
3098,0.12589828422747523,0.0016703297244405877
3099,0.08548165057291607,0.001642450916693066
3100,-0.2814852643779062,0.001227720778438712
3101,0.040245343623775014,0.0010461518769615103
3102,-0.018485902535926947,0.0011826358007572043
3103,0.03743038745359486,0.0012254579777354632
3104,-0.19614381770236536,0.0004124004363520404
3105,-0.2923684721668036,0.0001594895428526808
3106,0.027595986489100686,8.23367906459597e-05
3107,0.04238814475708581,-6.506883411994238e-05
3108,-0.17083604890682558,-0.0005951962861921452
3109,-0.3388873925585022,-0.001121008100398295
3110,0.14703066216346833,-0.0005017995507016277
3111,-0.09885583683689714,-0.00038516191208573313
3112,-0.3555983254960213,-0.0012403356906762948
3113,-0.06710760985770745,-0.0016068924721475398
3114,-0.004210974428882245,-0.00189403316189854
3115,-0.35926265533727797,-0.002546967380195886
3116,0.1291622523363449,-0.002420670934043951
3117,0.05116297235152305,-0.002839280325445521
3118,0.17436821406177067,-0.002381594134193197
3119,-0.08016339000093585,-0.0029289856548024304
3120,0.11892684048171334,-0.003051038980955339
3121,-0.10342793841881713,-0.003119392133914104
3122,-0.20782344769588001,-0.0031493429348720624
3123,-0.3326843114333718,-0.00378004159654375
3124,0.08447660913128495,-0.003407848787384587
3125,-0.06614569471844482,-0.003604421405506093
3126,0.1475205624522641,-0.003360857806376074
3127,-0.07958734448225184,-0.0034119715224586273
3128,0.0596038079919612,-0.0034474871983300012
3129,-0.10282802770845043,-0.0033040302228268047
3130,-0.17755114568664193,-0.003965355577115604
3131,-0.2780871307797615,-0.004162015152995782
3132,0.15851701870665355,-0.003810136325142885
3133,-0.034379195790370916,-0.0039564573637686
3134,-0.20479275333904473,-0.004789772404323886
3135,0.07864107823185928,-0.004882717801890452
3136,-0.05429076301413731,-0.005197894451412547
3137,0.16881673331952407,-0.004944237746788864
3138,0.0742957308760629,-0.00490863068193772
3139,-0.12476940981905454,-0.005332791089301283
3140,-0.1579883349174772,-0.0055009094864354605
3141,-0.03411247915007992,-0.005687069026973128
3142,-0.1763961786875109,-0.005559058984248973
3143,0.11195436425630952,-0.005554852757206267
3144,0.10712312192532647,-0.00500607955690686
3145,-0.005736479095221819,-0.005223888899990415
3146,0.19457033876181556,-0.004573852139693259
3147,-0.23874243746468676,-0.005395075080420612
3148,0.08490928781266462,-0.004635840418993205
3149,0.06118614443492178,-0.004590381138336898
3150,0.12886977885285603,-0.004486595790840741
3151,0.016577680391692762,-0.0042871431058057845
3152,0.12171958097299783,-0.004080672457825195
3153,0.14604645869535832,-0.003981538152684828
3154,0.06253374212205852,-0.0035972345401105127
3155,0.03401563022023085,-0.0031573646917099542
3156,0.0835871856347318,-0.0022829392017750245
3157,-0.20866855324070988,-0.0025897073206011365
3158,0.13557063171275985,-0.0017018110653697323
3159,-0.1554234504011911,-0.0017990138252117276
3160,-0.09395485781934498,-0.001655683591404639
3161,-0.15193241031466875,-0.002046720586830197
3162,-0.04459080476596525,-0.002473114792674772
3163,0.12241072556427122,-0.0025511617734887003
3164,-0.04149906241369222,-0.0024072403779923394
3165,-0.24141510970470717,-0.002768761992916998
3166,0.15956340254296925,-0.0028084065947441323
3167,-0.0358424227509423,-0.0026156853601109102
3168,-0.25470899837008165,-0.003393863970362839
3169,0.11647903894292087,-0.0028278766789807145
3170,-0.07660850296214347,-0.00320868299539611
3171,0.008495360022023269,-0.0029400542298873627
3172,0.10675146678923615,-0.0025873647222252895
3173,-0.038889793411848235,-0.0029319259584051037
3174,0.13030017640057656,-0.0026596775443554006
3175,0.04067599849092453,-0.0023653055247978365
3176,0.02985620959607645,-0.002633257849009502
3177,0.15889028908902766,-0.0022466323962659056
3178,-0.08415190229223177,-0.002198844039841638
3179,-0.15246441128722435,-0.002671683315660308
3180,-0.03232152798983496,-0.002732802499002718
3181,0.11112246560860552,-0.002652307979242493
3182,0.09881202590225896,-0.002578985845244343
3183,-0.15907074621114675,-0.0031151921736922283
3184,0.1358186853254807,-0.0022095425554042843
3185,0.10877097036545645,-0.002269939212299867
3186,-0.24073160809736308,-0.002922607059079717
3187,-0.07166321516755186,-0.0031835344115105045
3188,0.13818342026530436,-0.00260968720522212
3189,0.019115333622485776,-0.0027282843745520657
3190,-0.320835683008602,-0.0034142491401269667
3191,0.18216997265090282,-0.0027931098588183084
3192,0.08327462348416372,-0.0028419339874146627
3193,-0.11357144876659798,-0.0027009519478681135
3194,-0.01364850104953061,-0.0030527605714698878
3195,-0.08728467263134061,-0.002700182475667444
3196,0.22354334565202105,-0.0024841484249886097
3197,0.11232455491023009,-0.002580580294654076
3198,-0.08220140403025523,-0.002623306954311236
3199,0.14312439463296464,-0.0022452298618186946
3200,0.17349766945168865,-0.002107022126461872
3201,-0.039398818941854444,-0.001983717864304419
3202,-0.12435783426892547,-0.0015274933112011406
3203,-0.23017028323624536,-0.002166619264982678
3204,0.06859802348567623,-0.002218247486527078
3205,-0.09324516784061744,-0.0025181126463556655
3206,-0.24818187424644078,-0.002998808492631209
3207,-0.16678493957828805,-0.00280129632676959
3208,0.18576286986446247,-0.002710299287264289
3209,0.12251413655283427,-0.002502077014427319
3210,0.039714802499621435,-0.002283668602909135
3211,0.1941618826530075,-0.0016568798703754392
3212,-0.27309241823262703,-0.001898781734755345
3213,-0.14409316708032602,-0.0023529352762174426
3214,-0.10868010969303842,-0.0023849767970905264
3215,0.08966992714871524,-0.0019525041164882779
3216,0.04358780900838227,-0.0016290957636191925
3217,-0.2204070781843659,-0.0019219402667541175
3218,0.10201310887245883,-0.0021932079206552083
3219,0.12720816129938334,-0.0022260911159780127
3220,-0.07719788351014815,-0.002589822179788048
3221,0.059775669073608,-0.0026884910695682313
3222,0.10377849969636668,-0.002499369654889545
3223,0.1986229876273657,-0.0016690400643635534
3224,0.16925505737268898,-0.0013907158539928808
3225,-0.13383621738560356,-0.000991212093534906
3226,0.09163428555155934,-0.0007503335674743281
3227,0.20089028086266755,0.00026356119615542973
3228,0.050084447374832634,0.0004623875724037668
3229,-0.23874744475559054,7.871608136563496e-05
3230,-0.020122385923493108,4.75856124054102e-05
3231,-0.08731086737117114,0.00014348763497233708
3232,-0.11033316670006814,-0.0005114924034859508
3233,-0.09891459933818313,-0.0009277328394121054
3234,0.024033020194067924,-0.0011903901623263721
3235,-0.1331209103516806,-0.0014171114193345003
3236,0.1891517822396062,-0.00115730521937955
3237,0.09183449019003398,-0.0006401631893767161
3238,0.0626708663166094,-0.0006456843533785536
3239,-0.03885178447915959,-0.0004561476827344071
3240,-0.010037131263609599,-1.3742096211358694e-05
3241,0.139631717516238,-0.00014978809934523775
3242,-0.3324953026389427,-0.0008159135603194827
3243,-0.11680486135014931,-0.0011518965912218385
3244,0.05104414061231342,-0.000983075376612251
3245,0.09838813744263937,-0.00017190680434967803
3246,-0.07760392727150923,-0.000440599822659445
3247,0.006480830247237265,-0.0005521009050056313
3248,-0.02848818150992157,-0.0008442210900171753
3249,-0.012632123253305292,-0.000789629990363228
3250,0.1363101872531997,-0.00020744826360997824
3251,-0.2515448460524041,-0.0010674379346620696
3252,0.14486449015003466,-0.00024555713988884897
3253,0.04875348355837959,-7.52106965910603e-05
3254,-0.07990070651022091,-0.0006013317278439963
3255,-0.1345809925136042,-0.00023307969631748533
3256,0.10496734699787495,-0.00015963374156640123
3257,0.03857687444548449,-0.0004426678198968328
3258,0.014931281271564957,-3.76337471810886e-05
3259,0.14415475450744947,0.00048436772478057695
3260,0.08946865040923162,0.000875792671266485
3261,0.12415881776334202,0.001278297281588583
3262,0.021488867529280628,0.0009023179076181569
3263,0.18473264424507485,0.0017835795090444635
3264,0.0928029894871615,0.0023943554936787462
3265,-0.0861650815902113,0.00235635080138833
3266,0.11599574643476591,0.0021845010786258902
3267,0.0647632032546817,0.0021563202534502332
3268,0.1127332120536904,0.002269250393526074
3269,0.0207011054492604,0.0025993908653133505
3270,-0.1374965719026453,0.0023845147520734794
3271,0.08692688579135592,0.0031158226963833037
3272,-0.11795723628732097,0.00288145817817945
3273,0.10433469021038799,0.00300287561674099
3274,0.10095268200513759,0.003474371150084042
3275,0.056313805111902586,0.0041946271498618055
3276,-0.07168337955764877,0.0039168901087577096
3277,0.06164158855918101,0.004376708580499646
3278,0.12980244428828402,0.005185571312914921
3279,0.12954279270856586,0.005115223420836558
3280,0.0384412445669013,0.005050633084741183
3281,0.10612031781095406,0.005150125716264409
3282,0.14570404169738266,0.005132034632477785
3283,0.011741313859020726,0.004854969544746163
3284,-0.04936863161220802,0.0054698720458762375
3285,-0.20677079597299644,0.00482230125006812
3286,-0.2968754959126773,0.0038780134815162956
3287,-0.0947021929817695,0.003643396131142956
3288,-0.11271404197229491,0.003118736278562713
3289,-0.09365940035547549,0.002892153019501665
3290,-0.032639042584356695,0.0031078579074366487
3291,0.23588039160018956,0.00363194873829049
3292,-0.031645143392479716,0.004085625922563198
3293,0.13523908287546643,0.004739754965318478
3294,0.10947154962931964,0.0046103137411232795
3295,-0.1318854642116127,0.004182613302711069
3296,-0.15301285665434577,0.0038197704193589474
3297,-0.26850993659835576,0.003526763360090649
3298,0.08611572539288775,0.0036031914028330538
3299,-0.17347760054953826,0.003349971574592483
3300,-0.010172360404582081,0.0030603851419125374
3301,0.19237187203935768,0.003174751269959083
3302,0.18074486575031157,0.0032803443557387294
3303,0.22573703965327674,0.004060985810364345
3304,-0.023611164604626013,0.003820611465404636
3305,-0.22371680248627157,0.0037684538893232975
3306,-0.13905451701822027,0.0033264086131293254
3307,0.0498715095788234,0.0033261874711412154
3308,0.1441063781206131,0.003653422592704354
3309,0.009163562334436128,0.003964883958473754
3310,0.13079918154942263,0.004171755637389241
3311,0.04987715817343556,0.004197833799701298
3312,0.20426151812145438,0.0045785310171542765
3313,-0.17255284222689596,0.004724719082101976
3314,0.05242743616335391,0.0045675361405269005
3315,-0.1329652074914603,0.0038372759218342754
3316,-0.1667019759463641,0.0035330691671641816
3317,-0.19709323889812447,0.0034690269759599665
3318,0.11057406983427556,0.004064645935268229
3319,-0.12157259223096692,0.004147764969514871
3320,-0.09720298283382303,0.0038176613120812644
3321,0.15652464002509506,0.003937452272472481
3322,0.022894019011049704,0.00394345904497926
3323,-0.04361929749393573,0.003910804216233641
3324,-0.0930553193921473,0.0037784626059753036
3325,-0.21483717711744924,0.003167868146314373
3326,0.23808311464951448,0.0034474012389228976
3327,-0.28362911706541155,0.0026348027600811117
3328,-0.13397993253281343,0.002067832899078471
3329,-0.024529511661805406,0.002313234299053459
3330,-0.20654744030471514,0.0017319422388366048
3331,-0.16858260215145798,0.001432270744702335
3332,0.09570171883689184,0.001296175145098679
3333,0.2708228115237966,0.0021963268969910237
3334,0.1086151063504341,0.0025785350804463365
3335,-0.1944891164427715,0.002878856883219568
3336,0.10733955828746218,0.0037745116253217964
3337,0.07408642743255099,0.0033965586456972487
3338,0.09794817500521141,0.003121652280224776
3339,0.0854401906390713,0.0031912882180674183
3340,-0.09957756393240444,0.002938089606058687
3341,-0.34751264960818,0.002248394403833809
3342,-0.019056887428674844,0.001681825316268032
3343,0.06733096958219636,0.0018784273829724478
3344,-0.0778428871157845,0.0013750826985736858
3345,0.03969533379055816,0.0012530888324740594
3346,-0.34285067395132857,0.00039692965542755145
3347,0.07006940503439761,0.000321899430540824
3348,0.16370183152308201,0.00037659008624489414
3349,0.2415540754881554,0.000979065236574005
3350,0.1293872435604341,0.0007398309588240822
3351,0.0765507409531504,0.0007515880721796483
3352,0.09316205010494845,0.0010737287727073865
3353,0.0012731872073481997,0.0010591824222980935
3354,0.10712625500091,0.001325990373060356
3355,0.1959584555180749,0.0016094314545919007
3356,-0.18574561516269494,0.000981744544318639
3357,-0.2089950224459255,0.0007083784069525359
3358,0.2729451984772462,0.0016044414751917398
3359,0.07693216725352675,0.0017161276802560113
3360,0.16000851687507106,0.002050759627433802
3361,-0.11308081934853358,0.0013193955100647223
3362,0.2222571188411588,0.0013883205738571074
3363,0.0853306633558571,0.0013164119395017127
3364,-0.16823442787531495,0.0008138505469914117
3365,0.09159617762671007,0.0010374809826405233
3366,-0.18866266943223003,0.0005804514537449631
3367,0.12279045907434935,0.0005884505210796614
3368,-0.39154099271740994,-0.0004013512464509868
3369,-0.2950028870894555,-0.0004676854826603529
3370,0.16634332438280489,-0.00034869705410965504
3371,-0.1404482933471685,-0.0004470753610869256
3372,-0.3905919211616511,-0.001466441256528102
3373,-0.08265233133098922,-0.0021318406632986147
3374,-0.13490489741224893,-0.002849376168739233
3375,0.11529804609445662,-0.0024413248580543133
3376,0.02316999608928777,-0.0027250165600719678
3377,0.18958076435967772,-0.0019750641416448186
3378,-0.10026513479607761,-0.002289721833460984
3379,-0.2135752823694773,-0.002569384818938704
3380,0.12284122317520849,-0.0025188886265281062
3381,-0.23874309616648223,-0.003219365687467928
3382,-0.07711833923029086,-0.0035059743201296223
3383,0.013995455937432892,-0.003403780480073612
3384,0.0825735887149119,-0.002727895588563861
3385,0.08925232603736867,-0.002577870840624936
3386,0.05934349127364782,-0.0025402939029596774
3387,-0.1433005386637013,-0.0023960244497034625
3388,-0.046025371886137686,-0.001961803962411954
3389,-0.17068475900074828,-0.002576735198476207
3390,-0.15001965323026603,-0.0029240207085373332
3391,0.1212747901802146,-0.002808179023654633
3392,-0.13942138965344064,-0.0033646890876569183
3393,-0.16408592359661656,-0.003928313674379026
3394,0.14387100491875307,-0.0036403696381043993
3395,-0.16861450010722892,-0.0037843542747499188
3396,0.17049229866681798,-0.0032442279624290485
3397,-0.2160633411872326,-0.0035167905094125444
3398,-0.11457313576291525,-0.0035119570723963394
3399,0.21025734588036593,-0.0033114863877981068
3400,-0.09331870994172001,-0.003798223767311523
3401,0.08283805450813755,-0.003823500215028947
3402,-0.08747814297948565,-0.0034909160976157303
3403,-0.19753807690518335,-0.003901317939735665
3404,0.020427805669252272,-0.004189261697367084
3405,-0.007858381291836976,-0.0038565411534654264
3406,0.1798499671430869,-0.003921723747656408
3407,0.01868977898207836,-0.004038669745311625
3408,0.005253022205245681,-0.004168962688864751
3409,0.15054333478182533,-0.0035759682222281874
3410,-0.13722608120012048,-0.0037571261313640468
3411,0.06825585919422261,-0.003758264246583214
3412,0.1538546727493894,-0.0031945505370682293
3413,0.15363428348546382,-0.002986688795251698
3414,0.055375922114948746,-0.0030464610730075183
3415,0.18632208892785249,-0.0028640396891030694
3416,0.18472078263047453,-0.0026976987661284776
3417,-0.11049508470173151,-0.0024937432601954295
3418,0.03978497521887757,-0.0021072761434011915
3419,0.08015373157844452,-0.0022718035920180337
3420,-0.227577943198055,-0.0029076713556743174
3421,0.10334264213120097,-0.0028346977867835894
3422,0.1332190103019545,-0.0027915721566849562
3423,-0.02340875321045257,-0.003062540691568307
3424,-0.1679271952982332,-0.003762608688632101
3425,0.18584607458987704,-0.00346373204544456
3426,0.06560914231900009,-0.003406552758377354
3427,0.05286533893745885,-0.003532203165359216
3428,0.12382658799451009,-0.0031166444933256317
3429,0.07325111447961868,-0.0032519258420697175
3430,0.25463007790278586,-0.0029752477804706077
3431,0.06493620271519868,-0.002908452935238961
3432,-0.21723248849277205,-0.0038398425952887606
3433,0.23455839590111224,-0.0035976677917260187
3434,-0.017882782701365244,-0.0036894190063393056
3435,0.19679360473643678,-0.003254056087526998
3436,-0.28574667110301044,-0.00373495374969054
3437,0.11124207303092769,-0.0034700831311437566
3438,0.10341839875030888,-0.0035594572130787272
3439,0.08883628221638722,-0.00363450668817586
3440,0.14782753574525123,-0.003521854165593975
3441,-0.2256572957938798,-0.0041217877092255654
3442,0.03486281214042207,-0.004265735237875401
3443,0.14686921879123108,-0.004197898515674902
3444,-0.14883201428192244,-0.004617699267737264
3445,0.1939142797918479,-0.0043722342607542585
3446,-0.24483226198124727,-0.005009331001246025
3447,-0.15283305672580488,-0.005065284911220236
3448,0.23615789230264744,-0.004981678064999815
3449,0.1299110920527596,-0.004644095177201557
3450,0.10577469504013001,-0.004535752239838066
3451,0.19553178619628334,-0.0043543617095449585
3452,-0.16657928840457314,-0.004824591615978752
3453,0.1197797992509239,-0.00471039670426801
3454,0.16730754887296706,-0.004708216451317472
3455,0.05789519406396899,-0.003983845501896264
3456,-0.07055413028293459,-0.0036505370967147926
3457,-0.1908164188102445,-0.004333926825359813
3458,0.15928320545751143,-0.004208800754164878
3459,0.05016014105125562,-0.0037602912884674004
3460,0.03910560761002636,-0.0036122534811486233
3461,-0.19802359234934236,-0.004349738795774913
3462,0.04603161299980814,-0.004038194574155857
3463,0.09205243754957941,-0.003314353331474299
3464,-0.19331789242621022,-0.0034258554081396477
3465,-0.2899048131357609,-0.0041228482884043795
3466,-0.28091584889269555,-0.004573891748994726
3467,0.31687405768897686,-0.0035279682469032407
3468,-0.1168134658313935,-0.0037592492019194314
3469,-0.10878441467484806,-0.0034138530419496956
3470,-0.24659685364852035,-0.0039404480547181875
3471,-0.021687650123736857,-0.003922168506773221
3472,0.028345336522847275,-0.004057088371715414
3473,-0.012514860949859014,-0.0038455721301272065
3474,-0.2721913736453553,-0.004087081987418836
3475,-0.01389331844731278,-0.004413486715434395
3476,0.04081362817977431,-0.004138063203665149
3477,0.09711147450496704,-0.004359838960924251
3478,0.1383303427344026,-0.0041674364017377525
3479,0.13329054124740422,-0.004266756904693181
3480,-0.13876913485874312,-0.004556139200655973
3481,-0.21172800965514144,-0.005027375374094689
3482,-0.11327338109421342,-0.0052343120387916345
3483,-0.3544330384330387,-0.00588351040695545
3484,-0.0012339588844932057,-0.005714303258154737
3485,0.2772370310721287,-0.005234650665737266
3486,0.05275539325024023,-0.0053220797650269875
3487,0.24699071425696076,-0.0042521760139917954
3488,0.24040623051362067,-0.003762280456672498
3489,0.09734048599367048,-0.003451419377592506
3490,-0.0012300562717457789,-0.0036967635446246605
3491,-0.20023792007850946,-0.0043483652068395835
3492,0.07661044411954247,-0.0042280870408498445
3493,0.19248967614956083,-0.0035520922999147287
3494,-0.15527028861267253,-0.0038295315318459784
3495,-0.08490111011219595,-0.004215756151869594
3496,0.15262327295954747,-0.004036012552532659
3497,-0.24080409523186402,-0.004307566266516346
3498,-0.22893259284796225,-0.0047214876931240485
3499,0.1866723349224222,-0.004786180951339891
3500,0.10103969290441016,-0.00454942752857754
3501,-0.3138890257457425,-0.004925328681587648
3502,-0.037851250984541875,-0.005190906841657116
3503,0.1391198548155345,-0.005040401601118464
3504,-0.0466759965788255,-0.004884415351976844
3505,0.06347317926164299,-0.00507972583657841
3506,-0.2275736756741574,-0.006148040420253345
3507,0.12433160921228453,-0.0061673487904516195
3508,0.31399785673906355,-0.005442608423467078
3509,0.2722223964536334,-0.004969989114864877
3510,0.0037975108828136334,-0.0051583465991324115
3511,-0.17496486031031644,-0.00602834398474135
3512,0.08521829378012791,-0.005966959282650271
3513,0.05746143156790588,-0.006057196167218908
3514,-0.26866917496717935,-0.0068110136139836195
3515,-0.15910342311384595,-0.006957493450730185
3516,-0.2059930782168838,-0.007119366214100377
3517,0.060242647321129085,-0.0070878509429014025
3518,-0.013008364250846692,-0.007164232201043538
3519,-0.2673496832759351,-0.0078021831104700245
3520,-0.08542560248266652,-0.00782516749695564
3521,-0.061761124146057854,-0.008153522477232025
3522,0.09079650724038661,-0.007855216506337475
3523,0.06876228381251208,-0.008049310353545114
3524,0.08265203435697806,-0.008174058132977013
3525,0.042611051425107675,-0.00775204260987587
3526,0.11762949493335229,-0.006898561874814243
3527,-0.07199014728309278,-0.0070652385606339635
3528,-0.3004582270368265,-0.007122195279884739
3529,0.2113512377130083,-0.0069970366270015166
3530,0.10312404558656393,-0.0064758719752443
3531,-0.1972340525603909,-0.007291275726403953
3532,-0.07712547096455266,-0.007575628465588249
3533,0.13493721992161278,-0.007144890896986134
3534,0.03657498616383672,-0.006899455254725969
3535,0.04776321856125725,-0.006761346583928127
3536,-0.05043128918128012,-0.006886947867918884
3537,0.08421912301656408,-0.0064086734072933945
3538,0.08271493409505343,-0.00636230486659107
3539,0.09606473909614588,-0.005780746811999084
3540,-0.21494843506839054,-0.006586393245118818
3541,0.043177910806433344,-0.006876186726166102
3542,0.13732726779075224,-0.006639134410131686
3543,0.07460895521013045,-0.006325057287851266
3544,-0.29504406517536363,-0.006652545404915706
3545,-0.0062159382104828515,-0.006271022594949585
3546,0.06369828850733036,-0.006218550502203285
3547,-0.11229688693870246,-0.006534594890460747
3548,0.15196608329978628,-0.006264424016443597
3549,0.00696245588969667,-0.006411845012055899
3550,-0.14503809978677512,-0.0064523864366232185
3551,-0.10582150807272286,-0.006173732617160906
3552,0.0845051255403015,-0.006261671826164912
3553,-0.028553630045734437,-0.006559602117578753
3554,-0.051564924958380776,-0.006464529567098649
3555,-0.12415742947866654,-0.006587559582980615
3556,0.02602860852485161,-0.006725737993575354
3557,0.08879150548601653,-0.006669180028268648
3558,0.07548290149582636,-0.006317107684603194
3559,-0.26833897257982336,-0.006991397561014523
3560,0.09013013477137365,-0.0070641680285999904
3561,0.008102527923372817,-0.0067046887609918705
3562,-0.07042682228907825,-0.006174624869153273
3563,0.16113349415215095,-0.005755476720454441
3564,0.029970939033544267,-0.005680133207140389
3565,0.1531749683591817,-0.005587387741300925
3566,0.13168577745116108,-0.005060975148161327
3567,-0.04206244598014293,-0.005505974500411246
3568,0.23846616072256396,-0.005163052976650369
3569,0.16956037200499194,-0.004914693346681599
3570,0.10990056671921694,-0.004918577650745313
3571,-0.06916093243520482,-0.004678351376942576
3572,-0.24070876460313329,-0.005709138415336447
3573,0.14762691146270324,-0.0052803439337027755
3574,0.1340737939191096,-0.0045358842242152015
3575,0.08299000000360689,-0.004241700794572629
3576,-0.06986277367673091,-0.004645693260967795
3577,0.21011843058089397,-0.004437446663967858
3578,0.19565190043399772,-0.004229099659463925
3579,-0.1645233144454858,-0.004777163416753598
3580,-0.23771615339872948,-0.005455061823926583
3581,-0.049665157913792064,-0.005484173094729179
3582,0.07532870356520988,-0.005248077525443685
3583,-0.1218056786009665,-0.0057548211137645544
3584,-0.003157168407636814,-0.005147386950370689
3585,-0.17731763331391215,-0.005155209945127724
3586,-0.08722318050188939,-0.0048002565047727186
3587,-0.16019502351143033,-0.004744871927244109
3588,0.14640310238320564,-0.004277756793229248
3589,0.06051211296545739,-0.0036875526045834716
3590,0.12158146638312205,-0.0038383483573820737
3591,0.0022194697736887987,-0.00399104457862562
3592,0.11832068124489457,-0.0039036421930855486
3593,-0.2815739051461414,-0.004714478938928315
3594,0.1511139702911198,-0.004502998634710277
3595,-0.22793291176520333,-0.005301820693182302
3596,0.15446929346973184,-0.004684266887595306
3597,0.05584027175340571,-0.004813069385192018
3598,-0.12446711242031418,-0.005313800178487596
3599,-0.11566527785276488,-0.005716094035338957
3600,-0.13052380088243964,-0.005414171108348025
3601,-0.04859978577604171,-0.005591861367147658
3602,0.02639414741094602,-0.005502101267253912
3603,-0.0341942587636216,-0.0056453505596883455
3604,0.09725276601482792,-0.005058557392253958
3605,0.051548048587353734,-0.004370724350745643
3606,-0.14958757926956479,-0.004725091482262975
3607,0.10835124317976423,-0.004593165285417617
3608,0.20935401232360623,-0.003832785162956754
3609,-0.04033320679398172,-0.003235676791427713
3610,-0.07729062503415526,-0.00368431936582296
3611,-0.04329383335124331,-0.0035731953588516523
3612,0.006165899890278709,-0.0028496669080790523
3613,-0.05013116297130609,-0.00281571401430625
3614,0.16177152583499105,-0.002483749013778503
3615,-0.03742001693778169,-0.0018400637369795107
3616,-0.11396612377028953,-0.0023263204891927794
3617,0.13188589286231975,-0.0021648746481711862
3618,-0.04101422435628368,-0.0025956395250072953
3619,0.042718996837372396,-0.0023498747513306783
3620,0.034611106019475105,-0.002518506220255155
3621,-0.03240004245326881,-0.002376450428324058
3622,0.01657869339851552,-0.001927646146135267
3623,0.023137140612682502,-0.0012160032420431585
3624,0.07315624425137945,-0.0012386439718029697
3625,0.11982807139136034,-0.0008666964395833593
3626,0.1510030222337874,-0.0008597315200203125
3627,0.16537004967194618,-0.00036981673171191656
3628,0.07095313133731707,-0.0003471180850212048
3629,-0.12148737838084975,-0.00038443678636600344
3630,0.08484531824657994,0.0001403561415004403
3631,0.06634699399941224,0.0008292243910587877
3632,0.14737013572434673,0.0008069306250941741
3633,0.09561767409050015,0.0010669243648559164
3634,0.17265389856508803,0.0018218176686641816
3635,0.06031160488411773,0.0017851587219686986
3636,0.21209094562977945,0.0023179221392565326
3637,0.08617599843959697,0.002152640669496678
3638,-0.10045021139281271,0.0018031487849589265
3639,0.09921070695590578,0.0022511090185088475
3640,-0.16127356988844266,0.0022445385485669166
3641,-0.06260407461546821,0.0021875553576361398
3642,0.07326703633826158,0.002686881787687685
3643,-0.159213027516615,0.0021445470041418354
3644,0.12272761490860286,0.0021757559901083886
3645,0.13182464189306703,0.0024508782320849668
3646,-0.23572424084190058,0.001590289072877534
3647,0.1206123769867901,0.002308998701780488
3648,0.09386312055161972,0.0023269063672583974
3649,0.03482239707898633,0.0022741788725465267
3650,0.15096068609621124,0.002318360687033238
3651,0.03881272969386868,0.0023628307856375895
3652,0.15166472617362142,0.0024227210760388363
3653,0.07221469684357282,0.0022750575523352652
3654,-0.04194059334519928,0.0020661088814007494
3655,-0.04279292560138204,0.001912491769757524
3656,0.21203346477575308,0.0021693843280395668
3657,-0.34337483863954565,0.001899971757241895
3658,0.03029097100893631,0.001689412435834248
3659,0.22115494937341892,0.002442569235383468
3660,-0.10336406523565586,0.0024237508205508466
3661,0.01678124332230982,0.0027611781278248032
3662,-0.013514032080243092,0.002823331673196248
3663,0.09091464189800329,0.0027603395058637117
3664,-0.16316534759075813,0.0025170069355095804
3665,-0.17447362433063213,0.00265088990625773
3666,0.0837717208747526,0.002499306542921297
3667,0.022883864432875815,0.0026167591172889327
3668,-0.03445807263058198,0.003057260968767932
3669,-0.06603875306812608,0.0026922253847458384
3670,0.17557105652494892,0.0031965845037200233
3671,-0.08529290790798169,0.0030090079678600137
3672,0.04561633676354859,0.002886737707808638
3673,0.20901967325844928,0.0033825566411492328
3674,0.04485358135034032,0.003211663451048761
3675,0.0874605640670308,0.0033052325822009727
3676,0.06506968396218991,0.0033756595309332002
3677,-0.3344763390295677,0.0023889262746960094
3678,-0.33281000970126035,0.0018916100598779524
3679,0.011878921156684444,0.0022202967247657705
3680,0.21330732022313603,0.0027115544211917123
3681,-0.0242688137694629,0.002440771862435575
3682,0.12983106043631687,0.002502809931503691
3683,-0.13574592087290935,0.002549459582180166
3684,-0.22763806421393462,0.0018225460831013348
3685,0.12676051932084925,0.0018585251810121206
3686,0.21567831172121674,0.0027713450206492806
3687,-0.11245638176577805,0.0026897586874528277
3688,-0.003260675743917295,0.0024068704954343847
3689,0.017338979689942427,0.0024033177875692983
3690,-0.18929558972445826,0.0026663979741375853
3691,0.12647884731562722,0.0025550157234670344
3692,-0.18087941145212325,0.0020267076535944602
3693,-0.006892260466860986,0.002240066030193934
3694,0.04546231686121209,0.00235828766601542
3695,0.1456669887188197,0.00282419098871574
3696,0.21694335626945316,0.0028109910099506042
3697,0.12941488773713827,0.002845171675604421
3698,-0.16774754662368388,0.0026740793904175635
3699,-0.12232570938394056,0.0021431791823837533
3700,0.19022282984062702,0.00217662950316163
3701,0.17337793225470824,0.0026021830055547555
3702,0.25234660905083856,0.0033555918921942835
3703,0.14817713669630161,0.004112286732059377
3704,0.007648254935778587,0.003990387194959582
3705,0.12445380313443599,0.004425785136909689
3706,0.13880889207802125,0.005199766669558613
3707,0.1688417616311148,0.005871020071977418
3708,-0.12829459036401636,0.005242905151520461
3709,-0.11580061175582398,0.004766275654903145
3710,0.14390878555491693,0.004974663621013736
3711,0.028978567005142158,0.004644296989718005
3712,-0.21775464333940212,0.004754972539504455
3713,0.20074292119512707,0.005444644716055361
3714,-0.060366723527225385,0.005541271488386987
3715,-0.2737424773872543,0.004814446679315048
3716,0.1467037805630043,0.005020678622424292
3717,0.22723457848534648,0.0059159619357637165
3718,0.13691974282772956,0.0059857752036742585
3719,-0.14466869392691661,0.005442021493221658
3720,-0.004570255296450453,0.005587276749649053
3721,-0.1779009763900352,0.005111923458721767
3722,0.17202391772549988,0.005248414294780034
3723,0.16821657809934806,0.0051876014757239975
3724,0.257050332971495,0.00536319202692161
3725,0.06898543148292846,0.005768835324658674
3726,0.05241543890855015,0.005690397631372656
3727,0.11686799644057116,0.005522353062528464
3728,0.18566023103742207,0.005793504629853643
3729,-0.24050688885762223,0.005789985741649579
3730,0.16248401712632957,0.006155198547749224
3731,-0.09200805788431492,0.006145804166722937
3732,-0.12387311332518473,0.006118724273472704
3733,-0.06934213747790839,0.006177869197193253
3734,0.07561109406159389,0.006281025344928305
3735,0.029610526688428698,0.006606488219008523
3736,0.1443595583015572,0.006516903771132425
3737,0.16023710290618656,0.00665370899656473
3738,-0.18173640952543904,0.006164894444880634
3739,0.16155238297282096,0.006565702779784595
3740,0.00022898356075547882,0.006586235009433326
3741,0.05571243565783252,0.006418396445716514
3742,0.04124075807217531,0.00716586856713875
3743,-0.20415512319736348,0.006991168043444321
3744,-0.2939764195833738,0.006301126923052947
3745,0.12804637077157166,0.006360443389710812
3746,0.04071078216657802,0.006597072808586986
3747,-0.027503448546436982,0.006529104250999639
3748,0.1664494027357291,0.006918979419490939
3749,0.11575966192048227,0.0071757629898385146
3750,-0.1989136043147079,0.006505315406702699
3751,-0.15135091604060744,0.006705703266726293
3752,0.21788017380822242,0.006851734634042667
3753,0.06123476200825972,0.006876697190942428
3754,-0.1394278196646776,0.006757642964633515
3755,0.16930119737819038,0.007365407344417104
3756,0.09785633622491856,0.007351185322871191
3757,-0.2929972255524565,0.00668803712287531
3758,0.19535105805575617,0.007048876676443692
3759,0.24633409577097443,0.007253235358970742
3760,0.18461434009568634,0.007443526738343651
3761,0.10978654589905221,0.007414782194615071
3762,0.11402161317859175,0.007599847685913694
3763,-0.03527008607242257,0.007159842225278699
3764,-0.10274067204465105,0.006768754902215074
3765,-0.20183042944316634,0.006537424206509164
3766,0.0530384551576921,0.006411509623955016
3767,0.07616083840774966,0.006434304894261152
3768,0.08125149642364182,0.006371341463001054
3769,0.08166014724676704,0.006493259546596068
3770,0.0893632524054056,0.00694697919521217
3771,0.019437960948965397,0.0068120013455273895
3772,0.05400718812390289,0.007155930194349837
3773,0.03987093587777858,0.007027002685684618
3774,0.24418083923190287,0.007313459000138148
3775,0.08744033271537507,0.0073757120553450935
3776,0.16995827535279387,0.007858995365165978
3777,0.06516738093088621,0.007866046949909389
3778,0.09939739758132864,0.007805236856495479
3779,0.11158774381646638,0.00776932675871128
3780,0.1968358013467273,0.00808611587227093
3781,0.20914048631797547,0.008292156209284975
3782,-0.23750770105659263,0.007525732723777024
3783,0.12072351236356577,0.007743697120786114
3784,-0.024332083812872052,0.007793770216384785
3785,-0.2087934271395619,0.007789724954051655
3786,-0.0208966159667021,0.008341682713943605
3787,-0.09925106121779731,0.00833258497747155
3788,-0.018554207970363633,0.008520904645475414
3789,0.1902217827967129,0.00908866701177979
3790,0.15126327441717657,0.009456471645782855
3791,-0.10418337312161906,0.008776344116339239
3792,-0.08101627953948913,0.008677601844045221
3793,0.10808098642061026,0.008623285651135508
3794,-0.11447687343691881,0.00817538880500303
3795,0.13392093309365263,0.00870700159961356
3796,-0.201198567224316,0.00861063017847362
3797,-0.06147011655767384,0.009024709818554985
3798,-0.24174836599715552,0.008368981635774897
3799,0.09965066815142673,0.008915238173176826
3800,-0.2240333170598922,0.008487516259866207
3801,0.12088817244646925,0.008344548860680432
3802,0.1357291625428083,0.008254517454265423
3803,0.121591237664882,0.008046225850288634
3804,-0.13306265987502666,0.007827322859747833
3805,-0.14294207196737313,0.00798887232078563
3806,0.1676399057485405,0.008602261166319153
3807,0.18613069931664294,0.00887477954579479
3808,0.09487098743534939,0.008776308764424263
3809,-0.23259644975880883,0.008292788740237773
3810,0.27117098241197307,0.008573532341962875
3811,-0.18931246818500402,0.008095153089245993
3812,-0.13922270049417562,0.007408184652014735
3813,0.2503483729701182,0.008253987082408763
3814,0.012999430041091787,0.00817513107016424
3815,0.054324377952799416,0.00854971024105276
3816,-0.1144816201407623,0.008654150952663961
3817,0.016185727510574576,0.00908070888548136
3818,-0.012791310341914367,0.008833978125128981
3819,0.013093151664350008,0.009103309612919615
3820,-0.1266110819416781,0.009044493414703904
3821,0.04760773422261291,0.008826659603098941
3822,0.18433231384432197,0.009149536192765486
3823,0.15142135836292797,0.009539617504479212
3824,0.18073422834654815,0.010087196599956601
3825,0.0007967905013066094,0.010518464535194115
3826,-0.19228404021816672,0.00965773022545875
3827,0.1311976196710259,0.010487383698931627
3828,0.08963440028188971,0.010934612364561032
3829,0.23856457265501801,0.01146080053319468
3830,0.04281004200318731,0.011959515497810484
3831,0.07833382697004415,0.012453348356053488
3832,0.05729094242893968,0.012376526803237585
3833,-0.16724142547489784,0.011500398329240194
3834,0.08885241519451094,0.011460872946928349
3835,0.14762411112245782,0.01214509940205881
3836,0.12566599627647257,0.01218175227803683
3837,0.08210350087162613,0.01219778642491498
3838,0.14723613262575289,0.012296362340156061
3839,-0.0658072241837919,0.011993867510510335
3840,0.2720927134438921,0.012737208065262929
3841,0.11436622664978632,0.013660965817778863
3842,-0.15534212609087353,0.013388395340454464
3843,0.14140336283612134,0.013536540126962314
3844,-0.029683752754652563,0.013632858395684577
3845,-0.07928832057425624,0.01339489108695495
3846,0.029896809296868,0.014140386053451342
3847,0.13364843041216742,0.014267544104206883
3848,0.21963810001670514,0.014379416641194128
3849,0.12441115143018301,0.014145130793078185
3850,-0.18657978222388744,0.013513196741509541
3851,-0.290802423905633,0.012778490411791972
3852,0.04439021657213837,0.012680946744726354
3853,-0.030950379610923725,0.012616499611089809
3854,-0.055882959618226695,0.012290481181851536
3855,-0.09106312075880704,0.011716438029297773
3856,0.21943735480769994,0.012526803969238562
3857,-0.08711114638386253,0.012770571721362688
3858,0.06432224012374888,0.012353325804655693
3859,-0.3372063201978691,0.011525048829752903
3860,-0.25838046076802657,0.010688270874466707
3861,-0.08902999527385157,0.010736372522616071
3862,0.14058824241292173,0.010573034769759597
3863,-0.13441636567219717,0.01013354071170349
3864,-0.15455827842238207,0.010160893010609353
3865,0.1809006050290221,0.01033950186541398
3866,0.15069307652941172,0.011018213357337261
3867,-0.1987052782681848,0.010375221882652193
3868,-0.3274275429766008,0.010503448782133813
3869,0.12153451425873579,0.011336523584830194
3870,0.11788125608378404,0.011239599448232152
3871,0.05257374500667964,0.011625643524939848
3872,-0.3148390464946484,0.011777149274273853
3873,-0.2229782900350483,0.011496497356865736
3874,0.1739081137763568,0.012114123379242945
3875,0.27376135328069606,0.012431049993615426
3876,0.07264786580766525,0.01253000573305218
3877,0.16571677369716267,0.01248227775172715
3878,-0.1319881840224637,0.012418831653274377
3879,-0.0036431281665693796,0.012838695961680194
3880,0.09931140211557442,0.012791636319560925
3881,-0.14793702134829634,0.012973248469197297
3882,0.157356121279363,0.013442197390216605
3883,0.09920240740197195,0.013612611293145683
3884,-0.1673151388912399,0.01311283383793338
3885,0.03242203280756409,0.01299917325147377
3886,0.14726780043960772,0.013175021869805691
3887,0.0494066620618984,0.01356043627125689
3888,0.04622527228048735,0.013744937559590142
3889,-0.1159900840059689,0.0138543269095797
3890,0.024062751407049884,0.014202491718854331
3891,0.14207083475205123,0.014244083807998005
3892,0.13723103200575196,0.01479738865131639
3893,-0.2577308746061107,0.0146100987492974
3894,0.023283965262546488,0.014368924669984986
3895,-0.3308490034003619,0.014044455663398722
3896,-0.1013067802112166,0.013500857505642653
3897,-0.09018466622062617,0.013752614855575865
3898,-0.16088965465833419,0.013659981817785027
3899,-0.10968759277933109,0.013020091940465633
3900,0.07774717667665261,0.01336222371370238
3901,-0.022423791472345272,0.013151700021741413
3902,-0.13924346105046498,0.013048169385599453
3903,0.2146703098532139,0.013872586159116249
3904,-0.28637410052441786,0.01325898234672891
3905,0.10968554566510236,0.01349407020064279
3906,0.040281911538540244,0.013214934089433694
3907,-0.14236249469595785,0.01289282954207762
3908,0.15642116022947003,0.01319516581812607
3909,-0.01786655868570304,0.012858346031191015
3910,-0.19701330830993408,0.012738771576971388
3911,-0.23904609964653353,0.012124167659289874
3912,-0.1766559551160678,0.01146314640355896
3913,0.08557173649974806,0.011327021309587527
3914,0.08466521349898126,0.011385599892355594
3915,0.02092741818740052,0.01105481055087469
3916,-0.17132468833215514,0.010342719608949431
3917,-0.16209210094034143,0.01023952557647221
3918,-0.008005671629090834,0.010143944282776273
3919,0.16651784973261188,0.01031667251908461
3920,-0.17193965794821706,0.010427949089584285
3921,-0.06232747056188649,0.01009660886419811
3922,-0.17776982883746428,0.009474631185919272
3923,-0.27016720141900413,0.008981114289502167
3924,0.19064502096986374,0.009698258722038363
3925,0.18036864151956422,0.009687303855897736
3926,-0.24390049195267932,0.009068284587354378
3927,-0.20574180225482286,0.008551070304969814
3928,0.1431973406434374,0.008589811810267668
3929,-0.22287055106254464,0.007997568479183342
3930,-0.14891872399641917,0.007190470875384932
3931,0.06133004836140756,0.0071832585666773505
3932,-0.24849294536879044,0.007120737652925313
3933,-0.08498006444468806,0.006481660732233712
3934,0.1251987948974642,0.0067678238874313715
3935,-0.13668301413053924,0.0061008706496974196
3936,-0.44223618234558437,0.005787891627212272
3937,-0.1376038228298262,0.005290199835490764
3938,0.02850349381868788,0.005140370025627521
3939,0.1460316424477627,0.005254760746090274
3940,0.1349886016376122,0.005229082877874996
3941,0.17043709116918235,0.006021271651801119
3942,-0.06057691372345583,0.0058303922000733635
3943,-0.23092554799322984,0.005074802666504442
3944,-0.07366810434589849,0.005225130486376489
3945,0.11289532497997637,0.005063092576752747
3946,0.19855702714569726,0.005949871155006636
3947,-0.10470840554476858,0.0060461204573687075
3948,-0.03342979575241954,0.005506945081258574
3949,0.09289988645760609,0.005432922670068267
3950,-0.18115252596033593,0.004859068228067335
3951,0.012976434115732415,0.004493957523906234
3952,0.17964934020169296,0.005186414781118766
3953,-0.008356909004090932,0.004930141364608736
3954,-0.22176182671546946,0.004152002613431863
3955,0.050192946355269615,0.0041365981180144645
3956,0.07378260834714792,0.004425271595274629
3957,-0.10903681975249231,0.0045888307933901334
3958,-0.027763754603701174,0.004214736873267709
3959,0.11477055584935743,0.004343957702863913
3960,0.030741630422218863,0.0043272297484882975
3961,0.16401395645923086,0.005051304846105444
3962,-0.31891381933794827,0.004321413981429931
3963,0.0361856653396123,0.004209680437009996
3964,-0.04977657311364947,0.004496763075635117
3965,-0.11932593577468797,0.004837920830357264
3966,0.10483806238545412,0.005609428652913562
3967,0.13137281485280355,0.0052384261672412166
3968,-0.004055259855226256,0.005463942579193551
3969,0.2002699059775957,0.006082051220498438
3970,-0.11194751697338182,0.006351349893848716
3971,0.032201747766533624,0.006459128689629256
3972,0.17193949218666213,0.006746317000956886
3973,-0.04215030524790274,0.006687046112360798
3974,-0.01045767954228994,0.007210513500566929
3975,0.1048801953814529,0.00744806052822446
3976,-0.10009841718977232,0.007166236437485368
3977,-0.029108196047307078,0.006913797096380819
3978,0.17055746337474115,0.006978251337661496
3979,0.20824709786723078,0.00712816445090115
3980,0.094547483721549,0.007594797688061734
3981,0.04650011999294625,0.00811125394735791
3982,0.11950719261166183,0.008576815094769659
3983,0.030923802996175278,0.00934752877762809
3984,-0.14369815750654366,0.009062600380383987
3985,0.0012162754269498697,0.008510558869093628
3986,0.05137734449579538,0.008507802771584739
3987,-0.09960506485794902,0.00781461121335492
3988,0.037935306737041416,0.007409669365801761
3989,-0.0787477787274035,0.007057492836359613
3990,0.044703000547657995,0.007149358949998421
3991,-0.05978821941723204,0.007430258351320975
3992,-0.08536786288617765,0.007106301737309535
3993,-0.22236326313035706,0.006276595858749699
3994,0.13823358789180848,0.006863603611758662
3995,0.15793195511569558,0.007349269742214444
3996,-0.07730852284301055,0.006889406150609329
3997,0.07202828452845063,0.007515070910129958
3998,-0.07232169119298681,0.007828292713439908
3999,-0.10717880780195764,0.0072405904279911485
4000,0.09230651660361103,0.0072231240753895505
4001,-0.13428618152502536,0.007582329763830985
4002,-0.09950265494102971,0.007459026955918009
4003,0.020917732708105645,0.007222622711703152
4004,0.09768445330550352,0.007511343611471809
4005,0.14172275809183435,0.007667842769132192
4006,-0.3205806976423894,0.007481828725195728
4007,-0.2052818762734795,0.0068226017542242
4008,-0.25794360804515437,0.005678718824655764
4009,-0.0668652884822539,0.0050005434547839905
4010,-0.07529060484966822,0.004842367223319026
4011,0.13230586147794146,0.005456908666895542
4012,0.026321476377098113,0.005339115032089481
4013,-0.3432216484572945,0.004537748872039082
4014,-0.14911313047391203,0.004776860961025617
4015,-0.10367271922945802,0.004887722368794392
4016,-0.21175134620076935,0.004876205832826621
4017,0.18783167744049184,0.005131383893065346
4018,0.18717902662159566,0.005531758674810231
4019,-0.1309823131280277,0.005804493415106047
4020,0.05455885132977171,0.006084462322730922
4021,0.12839181460572183,0.006464768200234482
4022,0.18112087534091031,0.006645416936435529
4023,0.11604315750089987,0.006739978683812304
4024,0.12120338550733177,0.006817081386113011
4025,-0.05987565600725277,0.006612107971248292
4026,0.04857700507821164,0.00647400299153801
4027,-0.25634485031559295,0.00610529358547301
4028,-0.22668908827994266,0.006252831862986778
4029,0.12798170389901634,0.006086092795358794
4030,-0.03944153725858838,0.005800961629668489
4031,0.11337691622063116,0.006422183567230533
4032,0.10496416170663801,0.006786362832572915
4033,0.15978407813230083,0.006836056548994291
4034,0.07455922016092374,0.006912025016988465
4035,0.026977078278973665,0.0068704527364238975
4036,-0.04923946588097711,0.006872836383024503
4037,0.03946038045312335,0.006783318897897622
4038,-0.053110186204467155,0.00651166865729858
4039,0.08862353479336971,0.006496786248693028
4040,-0.06481795285172756,0.006797047213126354
4041,-0.18881684037870045,0.006333057710756087
4042,0.07463888629996678,0.006207680947774516
4043,0.052727910076892315,0.006163918857508039
4044,-0.13698462036124368,0.006480037747136279
4045,-0.10176367432241762,0.00628894227491241
4046,0.20338079896644815,0.006568307295830645
4047,-0.19699454132452793,0.006398911987058995
4048,-0.013026610881537691,0.0060689265986963465
4049,0.17578204653924076,0.006406565779995435
4050,-0.15855292594893025,0.006379536127671124
4051,-0.2557439309970438,0.006079691281822483
4052,0.14916501111686398,0.006209011052975607
4053,0.1743038039767102,0.006614725921020496
4054,0.32325748047813874,0.007364370731893536
4055,0.08452239580103878,0.0077817303824529475
4056,-0.04001839894286859,0.0076496363675175065
4057,0.07030308368521476,0.007612659523915903
4058,0.24674377507470335,0.007955181271073657
4059,-0.15412491183494875,0.008183609392563407
4060,0.05932077061458552,0.00812199066424983
4061,0.08124768922105134,0.008268280986845187
4062,-0.029311055716143456,0.008350512519991055
4063,-0.22780552612245042,0.007572634479441853
4064,-0.09930057134181812,0.007314091458691129
4065,-0.1364874427568686,0.006734766636459028
4066,-0.11610168949274674,0.006239191702571213
4067,0.007149861706586717,0.006337616317944671
4068,0.15609823955324093,0.006172880475606025
4069,-0.1891718864277862,0.005455415958740469
4070,0.1361221774541255,0.005507859180210286
4071,-0.20614123477634613,0.005233898575528004
4072,-0.11478367903830798,0.005485748746657654
4073,-0.41360265270537216,0.0043632896183215045
4074,-0.2916903567140716,0.0035117613170551412
4075,-0.059841014025723754,0.0032260992889964796
4076,0.038252697580508394,0.0034423302315109584
4077,-0.24150438017796272,0.0025390846099932456
4078,-0.42111970848855634,0.0013055413921481372
4079,0.05164314997840118,0.001737874320995911
4080,-0.16013021095843033,0.0018930462058765094
4081,0.05080851145899119,0.002093993544622076
4082,0.2098257254397492,0.0023629875883711543
4083,0.10075543904127139,0.0028081098236556303
4084,-0.006257291922720183,0.0028019095766254635
4085,0.022965315034366336,0.0032024754733220202
4086,0.08495061188662761,0.003546823058099055
4087,-0.12540391016255525,0.0036164052847968047
4088,-0.1875419120466082,0.0029485152559371773
4089,-0.20556573405079925,0.002416359561904664
4090,-0.09742527662551163,0.0019783460758873964
4091,0.002688059696861047,0.0019792832557337407
4092,-0.039896389667396275,0.0016628491139091591
4093,0.21657000222448466,0.0026591369286504112
4094,0.06496609082140947,0.0024868411697109905
4095,0.11512074378505614,0.003172948480811509
4096,-0.19539544337995446,0.002473219007112137
4097,0.04438424069113697,0.0024503069449875996
4098,0.0563970130806135,0.002812035195989455
4099,0.11857958005191539,0.0032805249117988156
4100,0.005937131061349952,0.003553446775686395
4101,0.19607679202907027,0.004042799931296619
4102,-0.12047387614463724,0.003749063884185452
4103,-0.11550302507742774,0.0035864463515578398
4104,0.15073977418073783,0.00369342036788966
4105,-0.13796035659668096,0.00331440355752159
4106,0.08912228205474099,0.003791823280170202
4107,0.1792406526005319,0.003933602099011737
4108,0.15731855609657,0.003829531186557665
4109,0.10302285632888826,0.004116243312803404
4110,0.06370675536631497,0.004398238073604345
4111,0.14276802586468906,0.00477036179203621
4112,0.13840634404101862,0.005034842680337689
4113,0.040655582013482905,0.005216416170307267
4114,0.013179782903664597,0.004919232684444615
4115,0.12658633469349787,0.005247245387707175
4116,-0.0044490131594920775,0.005466279608928769
4117,-0.28814089050851244,0.004626226042187104
4118,-0.19054137259574844,0.004327171745708175
4119,0.07384317693726214,0.004389420105907954
4120,0.06754320280165436,0.004455284299472314
4121,0.08019605247639984,0.00468047648933165
4122,-0.17266880887848038,0.004301981484777659
4123,0.03597765926405473,0.004327662522080403
4124,0.1690615591255179,0.00451947315182868
4125,0.1343032933889803,0.00454842359582392
4126,0.06977362653199345,0.004385964804420332
4127,-0.16116030014354032,0.003732904104789359
4128,0.0209793745802405,0.003632956591275205
4129,0.05378197586100755,0.00398349529975892
4130,0.23901822370862832,0.004291841110683017
4131,0.21959852411855435,0.004598344170921301
4132,0.14781058522146254,0.004599225069915534
4133,-0.1070941220506863,0.00419380147763316
4134,-0.017842854217829142,0.0038128079720673256
4135,-0.08827268873569073,0.0035156393848277084
4136,0.11642923362276492,0.0033243159608136795
4137,0.08678989111149543,0.0033255437461574763
4138,0.20468030341380256,0.0039358047757707074
4139,-0.28833681152531804,0.0031607097388082596
4140,0.138419982909602,0.003760096844404349
4141,0.13505681234662992,0.004155418618328545
4142,-0.09933317140326642,0.003810218202845489
4143,0.21599859792426068,0.0045606414537272405
4144,0.11042390048044996,0.004536034024870935
4145,0.02495530906587662,0.0043222953592165535
4146,0.007771314783795738,0.004809286470467946
4147,-0.030891959577826228,0.004506277797338714
4148,-0.05259638664418642,0.004213358782947102
4149,-0.04485486011186863,0.004054004268565392
4150,0.09664903619121336,0.003945380968755395
4151,0.13188926035837187,0.004131534030084402
4152,-0.1848723937326131,0.003458459790271933
4153,0.11985964930305268,0.0035537496951908933
4154,0.1554832586473686,0.003948597399176029
4155,-0.15398696612688575,0.0037262093181250214
4156,-0.18271189317039574,0.0029367186022327234
4157,0.029557271591838567,0.003682582822695492
4158,0.1328406116538164,0.0038876821039852518
4159,0.08603559793945248,0.003617443401117319
4160,-0.22166263693591423,0.003380846257716802
4161,-0.23759836550985855,0.002872087040052466
4162,-0.19910734415297288,0.0025009004159070062
4163,-0.343614398694357,0.0016318423347222854
4164,-0.20386461381684395,0.001550443802270114
4165,0.12570154692512814,0.0021507941447816347
4166,0.021109503875423426,0.002025469710782976
4167,0.08125277683779439,0.0021422075355928133
4168,-0.16195598521169785,0.0018872117104305815
4169,0.046915787235849764,0.0021131207910385333
4170,-0.18333461683101013,0.0013953094443266152
4171,-0.2072013455772168,0.0011514925689881448
4172,-0.2731116036583597,0.0005140366881443285
4173,-0.13674587215276088,-0.00017749440267809198
4174,-0.1672915075422076,-0.0006017845804631879
4175,-0.3395549682615915,-0.0014558156451204324
4176,0.10397536612105066,-0.0013780042808027111
4177,-0.17602914358093816,-0.0010611098899054518
4178,0.10472839979079168,-0.0001860330709213478
4179,-0.12445712433272946,-0.0004587051619001756
4180,-0.24094629784231758,-0.001367212398031083
4181,-0.18016597326409312,-0.0016790067170203433
4182,0.09007716290137908,-0.0017585145120902188
4183,-0.08646746000999836,-0.0016599575903643968
4184,0.13686151033513141,-0.0009309584412662648
4185,-0.15633048513714679,-0.0014971404501822568
4186,0.09595857729318048,-0.0017365799190383294
4187,-0.102094023584477,-0.0017158552026757274
4188,0.09355877713885373,-0.0015222162969101853
4189,0.15512814501799366,-0.001246637966254083
4190,-0.23016977614211184,-0.00132838633908939
4191,0.014063982577124302,-0.001553216068566396
4192,-0.013998607847204324,-0.001219454461356558
4193,-0.23309911417039944,-0.0016718681687636348
4194,-0.19847131501532175,-0.0021597354325167024
4195,0.15450334586755177,-0.0021420627182192386
4196,0.15278320602936896,-0.0022703830186994066
4197,-0.3155450868179578,-0.0031603029678095988
4198,0.03130804069493398,-0.002762191793172363
4199,0.13615520015671784,-0.002245229974091046
4200,-0.0030293512876053454,-0.0026317343363475108
4201,0.04638334070011485,-0.002885723519456698
4202,0.10500903573799365,-0.0031803986660823877
4203,-0.16508508822870038,-0.0038069231159323915
4204,0.1012341995938598,-0.0036197512266162293
4205,-0.16592279461397935,-0.00420050442211306
4206,0.21182671776706136,-0.00405446877073498
4207,0.08672530990787054,-0.0042187016741814685
4208,0.10633849837025508,-0.003749435496712925
4209,0.006433212413140498,-0.0035049678483749964
4210,0.12162217201034638,-0.0035495410754641374
4211,0.052987153733708145,-0.0035015239020070054
4212,-0.09313840923894942,-0.0032522914338061
4213,-0.04219886980353012,-0.0037381750158034144
4214,0.13522891979584423,-0.0033469837291572753
4215,-0.19380708651296671,-0.0031871129474087
4216,0.04230365125672374,-0.0033959132060212612
4217,-0.13552310633294773,-0.004121428575657849
4218,-0.23014536740263458,-0.0048555587961185784
4219,0.0789241012762656,-0.004408373205712214
4220,-0.03333913978764696,-0.004465910974694606
4221,0.12593592641064277,-0.0038582371690932507
4222,-0.016070711117334192,-0.004234426426778919
4223,0.1231659689044983,-0.004324527645168618
4224,-0.18373134689006848,-0.0052060910048917445
4225,0.05560571791507516,-0.005232850432027451
4226,-0.1009117892124545,-0.005539504888269461
4227,0.14562504118022893,-0.005481990798790145
4228,0.17426712011266532,-0.00550477702063966
4229,0.15708307916789566,-0.004709597084588623
4230,0.135472634508805,-0.004763619849823673
4231,0.033243707438429415,-0.004513116319178183
4232,0.15717378997554438,-0.003951022512576725
4233,-0.07727492476504519,-0.003966888087150999
4234,-0.114100863066879,-0.004346312001407945
4235,0.11415659063445785,-0.004177219873515887
4236,0.09154723211317146,-0.0042828445258926585
4237,-0.16294665271998754,-0.0049292120371450055
4238,0.12858153793415616,-0.004308576142225816
4239,0.03118007322770494,-0.004569320761716048
4240,0.07460260852421105,-0.004420573511789137
4241,-0.44053965721426114,-0.005413077697533325
4242,0.168310368157144,-0.005158938477363386
4243,0.08107524819346654,-0.004588477734581728
4244,-0.256466604782664,-0.004513458104980307
4245,-0.010953983544280867,-0.004791458813612013
4246,-0.045240467356702084,-0.004963361312658573
4247,0.15966455057678303,-0.004589025314412133
4248,-0.16177241105511433,-0.005245468941993819
4249,-0.28169344912006916,-0.006040375164074922
4250,0.0067172099955734275,-0.00562911353545436
4251,0.15465484148600858,-0.005017102020401128
4252,-0.16562317799626766,-0.0057841087240101076
4253,0.05476928733070135,-0.005797039673365224
4254,-0.18857371577554838,-0.005895331465586966
4255,-0.12176342150778867,-0.006477460703358925
4256,0.2345811809329937,-0.006204011013942774
4257,-0.09323413513110838,-0.005804484833100077
4258,-0.07025094826285343,-0.006335688845737296
4259,-0.07552966639588937,-0.006979416370071024
4260,0.18699564347096878,-0.006974653763320459
4261,0.11180172186137105,-0.0069706234113958215
4262,-0.2088331971086566,-0.007616333031970319
4263,-0.19343393761007438,-0.007932660735045623
4264,-0.201643949873038,-0.008130467290702395
4265,0.16236033191148905,-0.007402085767993086
4266,-0.1876893769043654,-0.0078835414321172
4267,-0.13020129681740034,-0.008296265702567501
4268,-0.17779351952897787,-0.008814355734472739
4269,-0.13133984151702038,-0.009240355712000313
4270,-0.03315461863138988,-0.009485391454073906
4271,0.09961441090810091,-0.009325038554155634
4272,-0.06934804981472513,-0.00957174903003289
4273,-0.3652333511399103,-0.010381957604068267
4274,-0.22635726612207943,-0.011323033814776232
4275,0.10138388160446696,-0.011295146716998048
4276,-0.002599968593486393,-0.011640263204890611
4277,-0.14114728849824656,-0.012052892543748875
4278,0.13441122952303727,-0.011982864879865456
4279,-0.35044830767616764,-0.012906936982850727
4280,-0.26540368232847034,-0.01383141595020112
4281,0.14924807614226152,-0.01395120077055255
4282,0.08648780792841995,-0.013303209752582524
4283,-0.008530451871105352,-0.013561717681051865
4284,0.12942295433547832,-0.013254207604755167
4285,0.08146330024389863,-0.012673694149988245
4286,0.056257898041146344,-0.012519385121972548
4287,0.1767981485315056,-0.011967286702473942
4288,0.08654963931879854,-0.011757079007895618
4289,0.08106415150498567,-0.011975394270479072
4290,-0.15908814971820867,-0.012596097118749842
4291,-0.2444778610885553,-0.012876686094683714
4292,-0.06815002798491707,-0.012850953591574569
4293,0.06141288684653934,-0.012944289790722712
4294,-0.2763145715316004,-0.013267965186912076
4295,-0.0016759398796466606,-0.013539158932858673
4296,0.02713282801883232,-0.013082496142372379
4297,-0.1584312536628589,-0.013276418416582747
4298,-0.21225548225206545,-0.013217432649092567
4299,0.1290172280505647,-0.01315869952929429
4300,0.028359779077415014,-0.012653913337019675
4301,0.27453227905016203,-0.012346625123812292
4302,-0.294163530702011,-0.01320641051030193
4303,0.20295147164620642,-0.01304369004233928
4304,-0.24796587423436883,-0.013273496471057966
4305,-0.03665585247165715,-0.013060924032066533
4306,0.07249170964883689,-0.01325122042426594
4307,-0.05560706180486788,-0.013734695946508961
4308,0.11638462876039955,-0.01369166866385886
4309,-0.0067396334320924435,-0.01323995503120543
4310,-0.15501495117500294,-0.014092326898379382
4311,0.14609006421643725,-0.013421521833576498
4312,0.12192281562113545,-0.012899230801345878
4313,0.2103139353967185,-0.012979299676492676
4314,0.043918020238452836,-0.012917462496097954
4315,0.1600473495117394,-0.012706016552980074
4316,-0.3177937340245365,-0.013112640780747621
4317,-0.21781427722696864,-0.013580640790222708
4318,0.16192658965354287,-0.013231204990231796
4319,0.15893511474702962,-0.012939521064066435
4320,-0.07961073852031154,-0.012845520377223703
4321,0.09386364975068653,-0.012753008546167555
4322,-0.04407194492417126,-0.013209817063704542
4323,0.09808659166837841,-0.013316486597093639
4324,-0.2145294508707484,-0.014107013955528235
4325,0.14685277303730135,-0.013814901990456244
4326,0.07588258418169132,-0.013278568741656527
4327,-0.24323880596299247,-0.014027441592924565
4328,-0.13437760328902365,-0.014475465600066392
4329,0.04980552929235605,-0.014852983686791716
4330,0.11491282969311511,-0.01470877811141186
4331,0.1287426626878536,-0.014607960439976241
4332,-0.09871519017565503,-0.01491997270518543
4333,-0.11114620543475075,-0.014807782265105136
4334,0.04405319227517761,-0.014897380710943802
4335,-0.2689544358351492,-0.015730537804859016
4336,-0.255698205100259,-0.01649326620761248
4337,-0.30478201620675965,-0.01726703724176925
4338,0.15752402701070226,-0.01724646145299935
4339,-0.1356915610858995,-0.017386230126803567
4340,0.034915473535966676,-0.01786058460661942
4341,0.0652566140441322,-0.017958803831830728
4342,0.0015729503599694731,-0.017644973678929043
4343,0.1563137722256337,-0.017615152860150016
4344,0.1486194258848742,-0.017258546502870963
4345,-0.15792341453035283,-0.017415816690783157
4346,-0.1877832276475619,-0.017851176764672017
4347,-0.10745370338767778,-0.018333381032271705
4348,-0.1925289525167386,-0.019157715137338594
4349,0.13612034465396014,-0.01913429675089104
4350,0.015164899301100416,-0.018730807387841063
4351,0.13312473164409577,-0.017882953076741603
4352,-0.2015382984323172,-0.018374810106750517
4353,0.09915706526063285,-0.018114595217007406
4354,-0.2300844870075929,-0.018462998271786133
4355,-0.032860359222156785,-0.018346592748712833
4356,-0.007706728720795721,-0.018800880915769827
4357,-0.026936726631195285,-0.018680532076264494
4358,0.05965920209138681,-0.018689858152329215
4359,0.004356618033374879,-0.01800673227586673
4360,-0.037988795137427714,-0.01756594894460553
4361,0.12933285254885668,-0.017129223248960115
4362,-0.0014222487498878958,-0.017413244231285735
4363,-0.10906736067793768,-0.017362546221297216
4364,-0.2584697684959796,-0.017570369201444412
4365,0.0042193595047303085,-0.017923731692492992
4366,0.09295467713181957,-0.018039208491288174
4367,0.23340875579918224,-0.017174980423153442
4368,0.17975540599320664,-0.01616061452521383
4369,-0.046900251330659115,-0.01649748405639262
4370,-0.1520336224032496,-0.01703731381336669
4371,0.0025768126587313485,-0.01713730767806258
4372,-0.16158141848377164,-0.01683079242204083
4373,-0.10813457166746662,-0.016601104985305665
4374,-0.250824294842047,-0.017450569802542476
4375,-0.020455704272065417,-0.018039003917647997
4376,-0.16384295813719704,-0.018511985565537722
4377,-0.265113927814559,-0.019373646968561163
4378,0.1506071194928036,-0.01880845636153063
4379,0.006465249979130953,-0.01878823960523923
4380,0.08467060592701794,-0.018817521197616344
4381,0.07061606734395813,-0.018380415020231834
4382,-0.136239874421841,-0.01896760701163424
4383,-0.07079300837668626,-0.019307597843191558
4384,0.058135960608077526,-0.018856695644192924
4385,-0.20561763311410922,-0.01933277497603627
4386,-0.060607072472049855,-0.019748524721859582
4387,0.1452615606174702,-0.01955681492474844
4388,0.2808473220122322,-0.01908757082528495
4389,0.2198940686866807,-0.01841580251989965
4390,0.18368057926598436,-0.018096566864181787
4391,-0.13717522974249585,-0.018655058993170878
4392,-0.15884121569054852,-0.01924720348856348
4393,0.07100786489356428,-0.018589726009564128
4394,0.1687050891171411,-0.01829888376185494
4395,0.017594116973946767,-0.01760199752110632
4396,-0.14318273866952153,-0.01768574943802293
4397,0.040813259949471846,-0.017423753585682735
4398,-0.13344717262150693,-0.01736886862160908
4399,0.28381239420680027,-0.01658186864763682
4400,0.14091995253439904,-0.016455523095921326
4401,-0.02851187581800464,-0.016467699264612643
4402,0.07401272290535695,-0.016041186896701004
4403,0.11392306849509116,-0.016242681379417246
4404,0.1257255631372089,-0.015418482052093993
4405,0.1418394608395497,-0.015354174221745098
4406,-0.03066410789978076,-0.015496066260621739
4407,0.11835304887708752,-0.014974635173475649
4408,-0.06669974707551063,-0.01542087698808561
4409,0.008721351802049002,-0.015367701167110106
4410,0.08894741198735204,-0.014795779726515534
4411,-0.19396621097879088,-0.014705619949180048
4412,0.12611237689203783,-0.014100083285163836
4413,0.20445647446273632,-0.013862313809237862
4414,0.04317837791133208,-0.013945287480413158
4415,-0.1288514303962575,-0.014244845177580474
4416,0.1501633986226239,-0.013601869003670917
4417,0.03933767201514171,-0.01319900945775995
4418,0.1640804378127205,-0.012854837238876328
4419,-0.049174537226108886,-0.013286222012793768
4420,-0.21044812556027734,-0.01336323894801789
4421,-0.1755400823331013,-0.013589664171560321
4422,0.09079762512098563,-0.013052529263643418
4423,0.00681614199574952,-0.012498562576813912
4424,-0.1715443558837282,-0.013222941330521097
4425,0.0463461986799483,-0.013490986216200328
4426,0.3931805855918265,-0.012216824061111315
4427,-0.019609712899370645,-0.011844559882400412
4428,-0.01432844718191037,-0.012159611458051108
4429,-0.14165754890086954,-0.011997185453727757
4430,0.21343954896823245,-0.011272468907798453
4431,-0.13958994428297922,-0.011674308893087229
4432,0.18940557022725538,-0.010798511861895135
4433,-0.09598423482746965,-0.010820520202660699
4434,0.11265335745484585,-0.010845611077545936
4435,0.11858039491115899,-0.01033508425946254
4436,0.09380767895040082,-0.009262996536870568
4437,0.14268794196435594,-0.008702413007282205
4438,-0.16476206736128687,-0.009088944129642154
4439,0.12567301941616418,-0.009129661375705351
4440,-0.044529403909014484,-0.009488697386798606
4441,-0.050248909272287236,-0.009930069387681543
4442,-0.3422012641710514,-0.010493318088576736
4443,0.020438828476507902,-0.00999058933563726
4444,0.07494602817224509,-0.009693361070600972
4445,-0.016062466003678267,-0.009951276652568283
4446,0.06271547557586205,-0.010222959755707951
4447,0.16879587442061722,-0.009675951195777181
4448,0.17030351853627593,-0.009268484567199791
4449,-0.17793001531467167,-0.009810144370744346
4450,0.1137447785994164,-0.009220349761624842
4451,-0.4302934846879494,-0.010106889599232205
4452,-0.09669291297778851,-0.010659574105591168
4453,0.07979192315334123,-0.010483276441276303
4454,-0.09506023082932775,-0.01022987324950402
4455,-0.09685145332649588,-0.010523962048867548
4456,-0.30177048179618954,-0.011275068229154226
4457,0.11725846952897997,-0.010822477650591281
4458,-0.1566300660476478,-0.011080210273479173
4459,0.10694984732483039,-0.011095851690528229
4460,-0.014405789192381842,-0.01118614652975743
4461,-0.14405215963470014,-0.011802278761945293
4462,-0.04867070850796625,-0.011261792540285325
4463,0.09337865160492968,-0.01114740656775469
4464,-0.050302936963513775,-0.01114845929545442
4465,-0.16923583327995564,-0.011248279090464957
4466,0.10666153476480306,-0.011244632145706259
4467,0.15642950996607,-0.011194518755479726
4468,-0.22386202864312313,-0.01163413229305552
4469,-0.09027928631575795,-0.012215230677642228
4470,-0.23112777841169924,-0.012453591200518864
4471,0.100541624272189,-0.01231691144750755
4472,-0.019381866432205977,-0.012699554164745287
4473,0.12388028333317007,-0.012367492987583143
4474,0.031138468579074888,-0.01228430069134041
4475,0.213554359117629,-0.01206695236386806
4476,-0.09695868111736132,-0.012060672891723238
4477,-0.20603716298081678,-0.012414530825590258
4478,-0.002001761540794007,-0.012759649275421328
4479,0.06093246477037762,-0.013054278541615033
4480,-0.12257286611513589,-0.013488519241288403
4481,0.1308505873091927,-0.01331981830665591
4482,-0.19646981666178429,-0.013951772325202803
4483,-0.05706596557673205,-0.014127751862348617
4484,0.06366688402095286,-0.013713021779293625
4485,0.08520066183108109,-0.01354505300648536
4486,0.06296856091672737,-0.013521870573643499
4487,-0.2498900074193116,-0.013822440458766223
4488,-0.11276820693699036,-0.014123847486114286
4489,-0.16941597763156419,-0.014305183883922608
4490,0.18743061491936702,-0.014019728655179189
4491,0.06300029789560127,-0.013774151620553524
4492,-0.11904215574231691,-0.013841500206265803
4493,0.06623973279848434,-0.013264294214408119
4494,0.1226677431065532,-0.013295425903978631
4495,-0.05049711523038562,-0.013712284044670791
4496,0.00973697420700174,-0.013538193050570769
4497,-0.27542364390456053,-0.014233096907436788
4498,0.03254976813679817,-0.014023353988777219
4499,0.12220457657742835,-0.013564587220018449
4500,-0.11327902663890457,-0.013975758306503478
4501,0.20005497789854132,-0.013307075987656345
4502,0.13974097735749458,-0.012828588723059298
4503,-0.051594198720725744,-0.01297361258591696
4504,0.06908156920877646,-0.013030818354110414
4505,-0.08668204339347949,-0.013487627957081041
4506,0.12264994077271454,-0.012601166680250835
4507,-0.06806285044712598,-0.012326728628598125
4508,0.07309438348965,-0.011664652645528519
4509,0.04742034399977579,-0.011436081380564457
4510,-0.13173200309684005,-0.011548964177058803
4511,-0.19778396413111052,-0.012209143828276906
4512,-0.168174242866039,-0.01259813526676318
4513,0.03204568698535048,-0.011847600595877888
4514,0.023082223626543434,-0.01150320988767698
4515,0.22018527791201842,-0.010855493893394026
4516,-0.13506714411352774,-0.010702125489219543
4517,-0.01915167471461762,-0.011116092193529763
4518,-0.1395886237157774,-0.011769627494204508
4519,0.15019325053915158,-0.011207276366870151
4520,-0.17766205902462576,-0.011671718187578945
4521,-0.12670048254745508,-0.0121819027818853
4522,-0.008297539550964107,-0.012560739611669048
4523,-0.1792454402029715,-0.013151316807076789
4524,0.08243637608764823,-0.013228850825916159
4525,0.15455128985624,-0.012799996934189173
4526,-0.0580501916991155,-0.013013251327743825
4527,0.003994231125517684,-0.012492573164861605
4528,0.15054562940125474,-0.01173810372949921
4529,-0.1096658053480041,-0.012213398747993251
4530,0.02536849565343976,-0.012083778682169194
4531,-0.06606070847869672,-0.01244265393156785
4532,0.24163300171315802,-0.01216931625155481
4533,0.1418769024780736,-0.012205130602863266
4534,-0.23727554909723608,-0.012828800141379585
4535,-0.22837551238850784,-0.013339505322714548
4536,-0.14674813220090438,-0.013534522655354401
4537,0.14655399781229142,-0.013320335420636065
4538,-0.21743961597415143,-0.013648994280175433
4539,0.2286313690928339,-0.013368978611576505
4540,0.2047401787073811,-0.012829862348458291
4541,0.18718880350672204,-0.012077851060687443
4542,-0.4301051513297565,-0.01308733913594689
4543,0.00904937404126125,-0.013174696208018151
4544,0.0978161393028458,-0.012705094688689973
4545,-0.10534563302279691,-0.012712258606090732
4546,-0.04792509468864058,-0.01321487039340091
4547,-0.18570362156815673,-0.013192288553888166
4548,-0.1278378556382479,-0.013421911043401588
4549,-0.060010061903727104,-0.013893495260287523
4550,0.16404023049399558,-0.013248308947401671
4551,-0.32521986808142184,-0.013387260821570428
4552,-0.01491136312884382,-0.013715413570061842
4553,-0.12688575733710314,-0.01431779269268947
4554,-0.042291537758600214,-0.015048890729162948
4555,0.1789925486158734,-0.01485995042353328
4556,0.052906691284598545,-0.014674100243078345
4557,0.20283335859144397,-0.014409039693265886
4558,-0.30361753577216444,-0.01550976231495962
4559,0.06497694619460127,-0.015071558598900522
4560,0.013482203812161218,-0.015163235732505371
4561,-0.2199426871683891,-0.01576561648528425
4562,0.04443893674824549,-0.015618116500355474
4563,-0.0027150151792540017,-0.015167935478469079
4564,-0.12849940811425808,-0.01522633315201396
4565,0.04727803441653707,-0.014858802197667147
4566,0.08769485361788362,-0.014451209111445889
4567,0.13926280238933184,-0.014186983230080398
4568,0.013282454888649223,-0.014472614799409582
4569,0.14302369173040896,-0.013808223643093191
4570,0.07621190011569028,-0.013928044197770061
4571,-0.03868921313803978,-0.013593140154493448
4572,-0.292781652348762,-0.013949136101114357
4573,0.11486041856129629,-0.01289220995858102
4574,0.1437811591308936,-0.012021266926891089
4575,0.1920962662579213,-0.011517392366323799
4576,0.1291674983822316,-0.011335562764720352
4577,0.0689069893658294,-0.010714740025632767
4578,-0.059691477999787676,-0.009991883564655232
4579,-0.211164730044413,-0.01051749932470086
4580,0.12764558670574705,-0.009941947729372505
4581,-0.00710423015929846,-0.010057773212609084
4582,0.32141060027069746,-0.009834603462947188
4583,0.08029746155519857,-0.009875519417919334
4584,0.025159419896873526,-0.009812685994280144
4585,-0.2824924271361503,-0.01042360147862118
4586,0.05049450584036352,-0.010492513690713707
4587,-0.18176313585224368,-0.010605232142093085
4588,0.17550160368005505,-0.009879145110639757
4589,0.06719732652078325,-0.009333618989496592
4590,0.036640248543688185,-0.009065487939158193
4591,0.07180747683255162,-0.008927249104886813
4592,0.08782044043838635,-0.008671815444675246
4593,-0.14113263763644965,-0.009387220724397113
4594,0.04348867572203206,-0.00943017555459587
4595,-0.23837125168798934,-0.01013715954554196
4596,0.019522278388850598,-0.009707324102004351
4597,0.09069707927848483,-0.009614698424829655
4598,0.012361445637514394,-0.009702769559715854
4599,0.09208142222143698,-0.00975576587537681
4600,0.14960000387603092,-0.009468440129747447
4601,0.05488894314418931,-0.00975081582751721
4602,0.19898054053098913,-0.009111906994165957
4603,0.24081711744458126,-0.00839926670912194
4604,-0.18783112913761596,-0.009076408515758647
4605,-0.10237781522964717,-0.009005243433024578
4606,0.03467095218307909,-0.009114146092767903
4607,0.17690234113218986,-0.009118822715704586
4608,0.21493322150687735,-0.009003593384883974
4609,0.0013504837945792904,-0.00920693812995259
4610,0.13205586702825928,-0.009070239906628702
4611,0.0652631869260893,-0.009225249584505903
4612,0.151295676997696,-0.009199470918592547
4613,-0.06343856535549267,-0.0094076592133305
4614,0.039795292060831114,-0.009354428195016166
4615,-0.241869875181087,-0.010091340614765335
4616,0.19712028340501675,-0.009688202021636316
4617,-0.006001886215230769,-0.009123924013049753
4618,0.09283906551736971,-0.008557163136823517
4619,0.07490965674234144,-0.008555030177213357
4620,0.008642143509219146,-0.00867283229579823
4621,-0.0637493188607125,-0.008960723038472453
4622,-0.01855052221524097,-0.008652486465145975
4623,-0.12926897318129,-0.008982979730036665
4624,0.08058849220872756,-0.009159925863870245
4625,-0.08214428069903656,-0.009592821012046277
4626,0.04737942585513214,-0.009637609413400002
4627,0.18960474932686985,-0.00893607931445918
4628,0.10942007163002954,-0.008759197920359604
4629,0.09716789854898694,-0.008672426074983645
4630,-0.03810418713855588,-0.009226670896678012
4631,-0.02580217706265541,-0.009717472299040431
4632,0.06917647387451242,-0.009874740521734333
4633,0.044814837172904465,-0.009570922603287152
4634,0.15590621204648583,-0.00922342447075852
4635,0.06691073283223813,-0.008913057627622664
4636,-0.007532030925076675,-0.009160980156718346
4637,-0.2888319887298707,-0.009912223916401078
4638,0.14026677985572075,-0.010041050963517243
4639,0.1230339518367943,-0.009218309436793018
4640,0.1723974280420774,-0.009150354546528065
4641,-0.17477810555667508,-0.009770024382334676
4642,0.06731688017311835,-0.009436724279181907
4643,-0.14632073448950692,-0.010161362944009442
4644,0.1602143513534526,-0.010061782042263438
4645,0.09696496674010009,-0.00991776272691499
4646,0.10756281750291438,-0.009718179721476754
4647,0.1720568605146853,-0.00931228208129173
4648,0.12253541434912303,-0.008962018479305112
4649,0.10622335924884618,-0.008659862040583681
4650,0.12507816103968342,-0.008603003790886741
4651,-0.20880344249919644,-0.009284389196601878
4652,-0.13670561584023472,-0.00918805564081712
4653,-0.027693680447701093,-0.00948316230031863
4654,0.04734193006559741,-0.009699444957482171
4655,-0.14956100124012026,-0.00969059302770864
4656,0.1438256766011322,-0.009037517888165585
4657,0.17032498266085308,-0.008755982466027556
4658,0.03131521272489301,-0.008959033263885403
4659,-0.07784627802172711,-0.009286797015807762
4660,-0.16117910149184445,-0.009165829944919622
4661,0.2179654450619554,-0.008254702323775993
4662,0.1475456258838067,-0.007561396383702433
4663,0.13514291131658077,-0.006603881763680559
4664,-0.23389037034354657,-0.006663933276733964
4665,0.0627918183643142,-0.006789752733855592
4666,-0.26468439406324756,-0.007361340529732934
4667,-0.025526752647576725,-0.007574899588703676
4668,-0.1028189575230295,-0.007456625533326339
4669,0.07513293335823751,-0.007400191241081564
4670,0.052357174347815706,-0.006928807658723913
4671,0.03388610286468474,-0.006446632761840109
4672,0.15122795414709464,-0.005597953646229201
4673,0.13659363483314615,-0.005051274632257386
4674,0.17608066219035604,-0.00436453029279226
4675,-0.02587848109593547,-0.0037371773184609472
4676,0.08936133229994413,-0.0037664053861031603
4677,0.0752622035749165,-0.003263822691791451
4678,0.2049308707864735,-0.003063417749800087
4679,-0.1399820047881474,-0.0030944675107109233
4680,0.010641205360170035,-0.002591292504305948
4681,0.10869138002801716,-0.0020135777977217276
4682,-0.2058838292366365,-0.0026054997819977585
4683,-0.11602436825651569,-0.002664613598490793
4684,0.0034319612403093365,-0.0029314726966804374
4685,-0.21075238651115338,-0.0030403164994284504
4686,-0.18680620403027412,-0.0036058460620753603
4687,0.2181968088671953,-0.0029652643971720153
4688,0.06550205050223974,-0.003021377850445243
4689,-0.06082381649150844,-0.0034532817734642474
4690,0.17111021535407278,-0.0026507217904718785
4691,0.025539710171773727,-0.0026277703352825792
4692,0.02342441117544641,-0.002552924297237278
4693,-0.14473100164854985,-0.002376188072193579
4694,-0.10948610235001213,-0.002198217646862959
4695,-0.28333845013246217,-0.0030739012388629875
4696,-0.07030305582550549,-0.003520073762572736
4697,0.12354514518467791,-0.002641893298567465
4698,0.041287160682339244,-0.0026219350585926543
4699,-0.14487548226627495,-0.0031839964234386398
4700,0.20628049647715244,-0.002765376727909124
4701,-0.2303331957691506,-0.0033188098008476554
4702,0.050953604126267094,-0.0034269206640711084
4703,0.12637150850249163,-0.0028440074706087243
4704,0.059045518171577965,-0.002928384833453288
4705,0.03815145476075842,-0.0025202363347038123
4706,0.08592587222941035,-0.0027720380257791146
4707,0.029911211444883845,-0.0028856662227050877
4708,-0.1690573820684279,-0.0034364579835824537
4709,-0.14692946343776733,-0.0037431833352842693
4710,0.1323110739742335,-0.003721805531356495
4711,-0.022120175900263037,-0.0038720201906244376
4712,-0.25702505577801404,-0.004199793483702566
4713,-0.0317557218113317,-0.004178907187718171
4714,0.1655619857731845,-0.004118241055763489
4715,-0.02118030810521681,-0.0037729874989479895
4716,0.030697735825826453,-0.0037961993298097846
4717,-0.17121212131505187,-0.003867577359773993
4718,0.10028256527297577,-0.003206721494422772
4719,-0.06012083441233828,-0.0034848113657999797
4720,0.0070757106617593,-0.003403981664901167
4721,-0.15469675973593447,-0.003965247037194321
4722,-0.08005414990532635,-0.0040932139147703064
4723,0.19546072081553367,-0.003948624410948235
4724,0.012117112353223877,-0.0035569274924616505
4725,-0.23192448541450875,-0.004131987899120818
4726,-0.06815664343672471,-0.004066477607569358
4727,0.23183279085429687,-0.0038940621082212226
4728,-0.12015151441986262,-0.004482899377286278
4729,0.14458126850241979,-0.00450790299861723
4730,-0.2938283868557274,-0.005366505041346295
4731,-0.28984804160300176,-0.006012688539429158
4732,-0.2800575760856535,-0.006887151271551553
4733,0.015395969158756868,-0.00670180948370395
4734,-0.24845217287397792,-0.0069705121033181465
4735,0.3019716359508231,-0.006594882012685417
4736,-0.26428940062944933,-0.007306555278170658
4737,-0.11854999493325122,-0.007217761962597186
4738,-0.05186823206046896,-0.007578661502586436
4739,0.23885710964985565,-0.007163307429742135
4740,-0.2462201236500875,-0.007804952894090732
4741,-0.23144435617481332,-0.0073867622920118356
4742,0.12883161799175966,-0.007465719792342605
4743,-0.22471047231845517,-0.008077291233366448
4744,0.006275978004570233,-0.007551806067791979
4745,-0.02708499742933359,-0.0075840680955620845
4746,-0.1715598355678862,-0.007836706831984454
4747,-0.2416599080234868,-0.008639355749184993
4748,0.1267961737547788,-0.008062218579565206
4749,-0.201304414800617,-0.007901440510926302
4750,-0.13567266759211785,-0.008186220266101685
4751,0.10477158836860032,-0.008285986772336502
4752,0.09709639581209574,-0.007760547624719775
4753,0.09216963816920128,-0.007685746923042774
4754,0.08668350801708619,-0.007135232475457506
4755,-0.005758438796164219,-0.006903222510034256
4756,-0.2590708142898787,-0.007890526500480001
4757,0.13157256674524037,-0.0074409130967273045
4758,-0.2152496040987785,-0.007730910408399154
4759,0.07345835905621662,-0.007432934357494942
4760,0.1510088323240557,-0.007504907979788767
4761,0.13020322378562071,-0.007468104975940269
4762,-0.1735639435543572,-0.00739756646883167
4763,0.19746295108976114,-0.006615772691431999
4764,-0.14337408774510665,-0.006499232967176137
4765,0.10976243902965498,-0.006604428752939804
4766,-0.08364002720517397,-0.006396330053541422
4767,-0.25182244838074846,-0.006639572356668118
4768,0.09068303196501601,-0.00610261925368013
4769,0.12278508602878302,-0.005594369398588523
4770,0.13114373207648117,-0.0052657726971727815
4771,0.05729997853476754,-0.005350401561919448
4772,-0.3681025304553794,-0.005947910523200757
4773,0.18660401580600222,-0.004844235789308931
4774,0.024781520461027502,-0.004341958216142717
4775,-0.13825890259072135,-0.004821243784533093
4776,-0.20829687448854714,-0.005232637596323215
4777,0.005603275653597887,-0.004939136468019527
4778,0.150366358678845,-0.004907226209707911
4779,0.11150900579971804,-0.00398331158275614
4780,0.11514020019321079,-0.0032222238177127775
4781,0.08307490945051516,-0.0033545701510962703
4782,0.03285379582613318,-0.0034618381753008442
4783,-0.11279194968042312,-0.003670361170919479
4784,0.23519820209484296,-0.00345881067540075
4785,-0.2659338920831354,-0.004153605060054819
4786,0.005240204821995557,-0.004255640446493119
4787,0.15463756422812786,-0.004299961615099874
4788,0.1051973708490156,-0.004262666152039441
4789,-0.05358814835875038,-0.004531970751766914
4790,-0.21301796152553354,-0.004639830375381564
4791,-0.10716838156997757,-0.0043652114163444085
4792,0.1488978237353302,-0.003931115712903913
4793,0.1508320923093294,-0.0037522773019783334
4794,0.16131345517934403,-0.0028770212485564445
4795,-0.14341372966758917,-0.0031604968281323293
4796,-0.03435799832939913,-0.003283478480828792
4797,0.026322828061389747,-0.002913970317380295
4798,-0.389030825257164,-0.0032675210033904917
4799,0.17822923182649536,-0.0031690969958386305
4800,0.14342770017251538,-0.00293896115364843
4801,-0.22269016712962755,-0.0039334060460080094
4802,-0.04011796327453628,-0.0034253149111530593
4803,-0.11541714962492335,-0.0040620521536953195
4804,0.15920026861955805,-0.0032477198679874654
4805,0.06553621273042,-0.003043335737583311
4806,-0.15435012054120145,-0.003497019397963388
4807,-0.3021093318707213,-0.003990023938095095
4808,0.011784934928780279,-0.004199223325758333
4809,-0.034429720559669766,-0.004254603500013488
4810,-0.024270332957185926,-0.003993114263577854
4811,-0.14165428908269465,-0.004568602970176117
4812,0.11967377394837697,-0.004573101053521635
4813,0.1122276376641557,-0.00476927364898676
4814,0.2262756755979966,-0.004404558338267673
4815,-0.039110714229766703,-0.004802874465750684
4816,-0.16788694144388044,-0.004503060880589373
4817,-0.09885747295702518,-0.004265147272049486
4818,-0.015828670195065536,-0.004620657791746702
4819,-0.031364804648295434,-0.005001257630537353
4820,-0.04040784603536564,-0.004922851845567461
4821,0.15225876921285147,-0.004806061606643131
4822,-0.21252497770095263,-0.005142967672196693
4823,0.0013442931564002483,-0.0053364522692206495
4824,-0.1736611158133319,-0.005254715599105816
4825,-0.19382563724909582,-0.005936072419678611
4826,0.1490887047539104,-0.005789660178534173
4827,-0.046202458608641354,-0.0053955874838254704
4828,0.18011776756394288,-0.004766596742119538
4829,0.10328982278658515,-0.004659628155131079
4830,0.14660071628819885,-0.004596252381940912
4831,0.16761236202089078,-0.004518512983274838
4832,-0.10882564621407109,-0.00453873389535167
4833,0.07463000449502052,-0.004167181475492127
4834,0.08234721524395126,-0.004090593429554579
4835,-0.05183235288338912,-0.0036563492636510603
4836,0.2788865316547963,-0.0025871797901409494
4837,-0.13608302705838762,-0.0022497818118442053
4838,-0.03423759746511948,-0.0026333050607958482
4839,0.10683849259976996,-0.0021482449534245096
4840,0.0216977193361917,-0.0021746804618240595
4841,0.16685711706386844,-0.001971479455784587
4842,0.14629197196506713,-0.0016820414125743922
4843,0.16492431366709862,-0.0016648203296914623
4844,0.10812754587211877,-0.0017458040897169729
4845,0.20690053067499942,-0.0010161561993062684
4846,-0.20452646184189135,-0.0010496426676949273
4847,0.11413306131985827,-0.0006064691382798553
4848,0.08382468199956931,-5.376186924723947e-05
4849,-0.06612779091145579,-0.0004582581403780713
4850,0.18871960543859562,-0.0001111487281030809
4851,-0.25725858881011227,-0.0008919153690114969
4852,-0.02060590108709094,-0.0005300505743210445
4853,-0.19167137538840456,-0.0011117074556191192
4854,-0.06846986167902583,-0.0007884782049619852
4855,0.07150982250200923,-0.0005797378415136531
4856,0.12072593285355855,-0.0003228725183649447
4857,-0.008700706923061357,-0.0002864004789486768
4858,0.0893201576246788,-0.00022707856788209283
4859,-0.1565817062035661,-0.0005489552163559748
4860,0.09081860500955923,-0.0002913404160620009
4861,0.04634062078557281,-0.00045732487958856865
4862,-0.07016100000593245,-0.0005948023821006578
4863,-0.18654158557004896,-0.0007497508318848803
4864,-0.1835704809568017,-0.0005999522568065246
4865,-0.026384717746694035,-0.0006611604113093732
4866,-0.3540658375964655,-0.0015552014407659433
4867,-0.20411525323770224,-0.0024302494588397125
4868,0.04326811915572317,-0.002703224032514679
4869,0.08371423388874398,-0.002441995062075873
4870,-0.12146397511424539,-0.0023808557674978646
4871,0.24769367389343763,-0.0018906220450284521
4872,0.19781782134154538,-0.0011718235653778181
4873,-0.039506934888875286,-0.0010345682918206354
4874,0.03203277510989449,-0.0004688541519167524
4875,0.15122569609522676,-0.00012549135118216804
4876,-0.1549599012674882,-0.00010772523744275036
4877,0.1571240855265158,0.0007367507892393992
4878,-0.14753342049054052,0.000140469709272711
4879,0.11525811278478905,0.00035805543488402725
4880,-0.23339872825849584,-0.00027808323348700034
4881,-0.07991565697258583,-0.0005791466821200883
4882,0.05818819137836424,-0.00019029055051967775
4883,-0.16058847990001635,-0.00036988149356633794
4884,0.09659327183737629,-0.0002929668711077404
4885,-0.18514074752023957,-0.0002520130999200011
4886,-0.11745701784054616,-0.0003657129906569937
4887,0.09938867123670081,-0.00045745876941853246
4888,-0.10420911290957083,-0.0012275716392621385
4889,0.05887319443734575,-0.0015496133877608085
4890,0.13078764061149878,-0.0016553992650697796
4891,0.12586750039664923,-0.0011293138047914894
4892,-0.22532276934802442,-0.0012622769121064413
4893,0.05888847038051162,-0.0012865157011325466
4894,-0.08229794153019983,-0.0017885217624272285
4895,0.09248601591087928,-0.0016387379645533635
4896,-0.017878955737022792,-0.001388130398688366
4897,0.12935562773781828,-0.001211045663111673
4898,-0.27814296926484555,-0.0015004372563983503
4899,-0.0051822004594836105,-0.0020784264457309183
4900,0.03256678478875978,-0.002295132781222197
4901,0.047411730580071546,-0.0021432855684260445
4902,-0.1778690926595318,-0.002647049199555822
4903,-0.04215128361351398,-0.002959197903773032
4904,0.23869403408274054,-0.0027332609618819685
4905,0.2220953468079868,-0.002572749189945095
4906,0.07000946561359475,-0.0023714020429183437
4907,-0.0722937746047266,-0.0027526956898819717
4908,0.11857684035634675,-0.002382142515018257
4909,0.20686556235992157,-0.0019858540939025116
4910,-0.007954720219991461,-0.002179658358317199
4911,0.016436226836557245,-0.0017588534826865026
4912,0.06728748142324716,-0.001876503273624084
4913,0.11369487881340014,-0.0020580264649227567
4914,-0.1612954516998038,-0.002466974124145028
4915,-0.14407291752553095,-0.0024974170984035753
4916,0.07222024505445498,-0.002653303405539913
4917,0.10356289963977533,-0.0025248529502906454
4918,-0.1153239637568218,-0.00308366175342973
4919,-0.30626060073756434,-0.0035978338804526413
4920,-0.1720056450606644,-0.003520948919453415
4921,-0.06741978278745758,-0.003304708320362128
4922,0.08612457552582903,-0.0033140544195524413
4923,-0.03893498712592319,-0.003405556677795786
4924,0.09776561961924701,-0.002866936726789836
4925,0.08219523540707874,-0.002795238653335575
4926,0.15599774220306514,-0.003269604340113098
4927,-0.16681144322494437,-0.0035640078007642454
4928,0.09396324839029942,-0.0033474244096198254
4929,0.06618998856141141,-0.002931729334695264
4930,0.04070560607229565,-0.0032771972204871376
4931,-0.06652005440605248,-0.0031310574407332837
4932,0.021617933775669784,-0.003466632713636455
4933,-0.19587048165093623,-0.003666405207283388
4934,0.13221234699791373,-0.0036272872281972526
4935,-0.0028720427828610832,-0.003870192103585293
4936,0.04466690362391957,-0.003968473654238255
4937,0.12064241029953864,-0.004012564717567889
4938,-0.04284285832859375,-0.0037687262995025035
4939,-0.22788104268928963,-0.004475834423713411
4940,-0.10941546502753768,-0.0046056065459504575
4941,-0.3655178470583414,-0.005236144421522566
4942,-0.2218108702375005,-0.004995363633655464
4943,-0.013047400377546786,-0.005062336091363574
4944,0.001824007888355083,-0.005208580131931353
4945,0.06868190374838012,-0.005039091392427237
4946,0.19868174465750735,-0.004767158854263946
4947,0.24225679385797425,-0.0046202370153892326
4948,-0.3375581581164568,-0.005635960368694697
4949,0.06804604831175537,-0.0051440082414418425
4950,0.08300965837927896,-0.005205478481882119
4951,-0.1440844064548379,-0.004633060325415894
4952,-0.08727515837598239,-0.004614224816212283
4953,-0.0734173994553841,-0.0049206434614297336
4954,-0.0806778053539067,-0.004891878610478892
4955,-0.04435714166822548,-0.004786889987162352
4956,0.14126567807960744,-0.003900817667410757
4957,-0.09677824777765494,-0.004328891102024026
4958,-0.22904245695811992,-0.004473715883844971
4959,-0.12454097051247283,-0.004936697519519577
4960,-0.2927956405849349,-0.005493477222304683
4961,0.10927935771027579,-0.004986814187614732
4962,0.028000344545546042,-0.004833472081507707
4963,0.12302155409688845,-0.00477418627652379
4964,-0.2586030807298332,-0.0051907865640564285
4965,0.14371800719343109,-0.004564878883109655
4966,0.04539619750473893,-0.004687409557629783
4967,0.1945235031478404,-0.004611221571266242
4968,0.12503714651335135,-0.003913423220953294
4969,-0.04306862955445599,-0.003819001907430689
4970,0.14175366462726222,-0.003073239021352766
4971,-0.1489021141451294,-0.0035721264981874033
4972,-0.11491585311374876,-0.0037631944715504884
4973,-0.39614617929999413,-0.004803247396816817
4974,-0.008384459888647933,-0.004882293253752263
4975,0.03929233857319833,-0.005230817294841124
4976,-0.15710708574077845,-0.0053511141040879584
4977,-0.27757779820506034,-0.005494195374536446
4978,-0.14959999014671077,-0.005789391831748279
4979,0.007506806790170274,-0.005896243147708693
4980,0.0619866350540566,-0.005527124145370308
4981,0.0998463010984191,-0.0055891327177918565
4982,0.12510774652508014,-0.004945977591418127
4983,-0.27928758333369325,-0.00539042082693205
4984,0.019220039642359875,-0.005479314515689236
4985,0.12886734179958967,-0.005391981155752218
4986,-0.07829028569461573,-0.005674498848974904
4987,-0.10539131673412874,-0.005385501467604538
4988,-0.021533132301193532,-0.005203031318332945
4989,-0.1843447710333022,-0.005232888905136421
4990,0.024634500536101934,-0.005558481133902952
4991,-0.1826685184632807,-0.006049818766620715
4992,0.10079973197207534,-0.005610134991191931
4993,0.02456277643669288,-0.0056934889039155145
4994,0.08307740214140008,-0.00577266958584582
4995,0.04176586831216546,-0.005588143618760718
4996,0.03906863204332872,-0.005529480303088064
4997,-0.17521757608136493,-0.005329068167441673
4998,-0.23437185359169643,-0.005862911410898662
4999,0.057728779097229864,-0.005991863005859058
5000,-0.1658301694911429,-0.006096965291563536
